1963 34 0.000281873
1963 40 0.000288771
1963 35 0.000247059
1963 37 0.000275487
1963 36 0.000267874
1963 38 0.000279988
1963 41 0.000301055
1963 39 0.000281413
1962 35 0.000620439
1964 40 0.000242803
1964 35 0.00020564
1964 42 0.000269188
1964 37 0.000232495
1964 36 0.000225552
1964 38 0.000236321
1964 41 0.000252448
1964 39 0.00023704
1964 44 0.000293175
1964 43 0.00028027
1965 40 0.000191105
1965 35 0.000158626
1965 42 0.000212639
1965 37 0.000183688
1965 36 0.000177411
1965 38 0.000186862
1965 41 0.000198065
1965 39 0.000186913
1965 44 0.000232397
1965 43 0.000221732
1965 45 0.000241794
1965 47 0.000281454
1965 46 0.000266197
