3 2 1.85178e-10
2 1 2.18727e-10
517 516 0.000162159
1 0 1.27625e-11
5 4 1.27208e-10
4 3 2.25852e-11
10 9 8.98014e-10
6 5 1.96269e-10
7 6 3.7065e-10
23 22 1.78786e-09
9 8 5.30502e-10
8 7 4.54631e-10
14 13 4.14468e-09
13 12 3.20298e-09
12 11 7.38427e-10
11 10 4.77713e-10
20 19 1.22465e-09
18 17 1.03997e-07
15 14 4.56383e-09
17 16 1.85821e-08
16 15 1.12854e-09
21 20 4.07374e-09
19 18 1.04367e-07
28 27 4.008e-07
22 21 6.33298e-08
24 23 5.68817e-07
27 26 2.51829e-06
26 25 1.57573e-06
25 24 1.57384e-06
32 31 5.81777e-06
31 30 1.40624e-08
30 28 4.83803e-06
33 32 1.22561e-07
34 33 6.12191e-06
40 39 3.47384e-06
35 34 3.56245e-05
42 41 1.18907e-05
37 36 6.6257e-06
36 35 2.03656e-05
38 37 3.2758e-06
41 40 4.27739e-06
39 38 1.06689e-07
44 43 5.68692e-06
43 42 5.29453e-06
45 44 7.7345e-06
49 48 6.54016e-06
52 51 1.11455e-05
47 46 2.19678e-06
48 47 3.18216e-05
46 45 9.15248e-06
53 52 7.51733e-06
51 50 8.75467e-06
109 108 0.00181953
50 49 4.92859e-06
55 54 2.95682e-05
54 53 1.42091e-05
56 55 5.51198e-05
61 60 0.000208905
60 59 0.000287495
58 57 0.000108857
59 58 3.91784e-05
57 56 3.60306e-05
63 62 0.000283957
62 61 0.000346987
64 63 0.000461126
65 64 0.000508177
66 65 0.000991533
67 66 0.000310651
73 72 7.81284e-05
74 73 4.18597e-05
70 69 0.000496652
69 68 0.000142976
68 67 0.000630996
72 71 0.00029233
71 70 1.30932e-05
76 75 3.3121e-05
75 74 7.49246e-05
77 76 3.43133e-06
79 78 1.82054e-05
78 77 4.84366e-06
80 79 3.12244e-05
81 80 2.02287e-05
84 83 6.32632e-05
83 82 6.96976e-06
82 81 8.23503e-05
89 88 6.39292e-05
85 84 7.98363e-05
90 89 3.68599e-05
87 86 1.3316e-05
86 85 3.93223e-05
88 87 3.42577e-05
91 90 4.81523e-06
92 91 2.86755e-05
96 95 6.88511e-06
93 92 3.51153e-05
95 94 2.43748e-06
94 93 1.45046e-05
99 98 1.22636e-05
101 100 0.000105131
100 99 4.34682e-05
105 104 0.000838216
98 97 4.15327e-06
97 96 1.4923e-05
103 102 0.000483108
272 269 3.27427e-05
102 101 0.000137156
104 103 0.000596666
107 106 0.00157482
106 105 0.00178626
108 107 0.00188624
111 110 0.00119248
110 109 0.002372
118 117 0.000398396
114 113 0.00171392
113 112 0.00521399
112 111 0.00488925
121 120 1.3032e-05
117 116 0.000489032
115 114 0.00198127
116 115 0.00153567
120 119 2.60265e-05
122 121 0.000115494
119 118 0.000428676
127 126 3.30853e-05
126 125 0.000282881
128 127 3.25708e-05
125 124 8.52096e-05
123 122 5.63215e-05
124 123 7.05983e-05
131 130 0.000415278
130 129 0.000329389
129 128 0.000260958
134 133 0.000658322
136 135 0.000143427
133 132 0.00116025
132 131 0.000880481
135 134 0.000310178
142 141 0.000296207
137 136 0.000173595
138 137 0.000474477
141 140 0.000267878
140 139 5.01747e-05
139 138 0.000325847
143 142 0.000395675
144 143 0.00018465
147 146 2.12414e-05
146 145 0.000796412
145 144 0.000735564
150 149 9.5224e-06
148 147 6.23142e-05
149 148 0.00026139
151 150 0.000101091
157 156 0.000116972
154 153 8.25472e-05
153 152 1.53886e-05
152 151 9.03561e-05
155 154 0.000230295
161 160 1.61374e-05
160 159 0.000443954
158 157 0.000162672
156 155 0.000162751
159 158 2.91935e-05
162 161 1.95731e-05
167 166 0.000640473
163 162 0.00025268
164 163 0.000625025
169 168 0.000787182
168 167 3.57394e-05
165 164 0.00122064
166 165 0.00110169
170 169 7.94959e-05
171 170 0.000981785
172 171 0.000388565
175 174 0.00514575
176 175 0.00446951
174 173 0.00323914
173 172 0.00204978
180 179 0.00323478
178 177 0.00465549
177 176 0.00496717
185 184 0.000125396
182 181 0.000829312
181 180 0.00325471
179 178 0.00571678
183 182 0.000953579
186 185 0.000117643
184 183 0.000629418
190 189 0.000198916
191 190 0.000240316
189 188 0.000121872
187 186 0.000443287
188 187 0.000189627
193 192 0.000368269
192 191 0.000147642
196 195 0.000196287
197 196 0.000360617
198 197 0.000676046
195 194 0.000266724
194 193 5.77622e-05
200 199 0.000453698
201 200 0.000310948
202 201 0.000222268
199 198 0.000591225
203 202 0.000129191
204 203 0.000116546
211 210 6.96649e-05
208 207 3.56723e-05
207 206 2.13506e-05
206 205 8.91389e-05
205 204 2.26458e-05
210 209 9.47592e-06
209 208 8.79006e-05
213 212 2.68562e-05
212 211 1.33505e-05
214 213 1.18667e-05
215 214 6.8367e-05
217 215 3.57315e-05
218 217 5.26815e-06
223 222 4.03071e-05
220 219 5.08356e-06
219 218 1.24848e-05
221 220 4.68953e-06
222 221 7.03318e-05
226 225 1.45041e-05
224 223 2.86006e-05
233 231 1.48381e-05
228 227 8.73975e-06
227 226 6.12771e-05
225 224 1.91286e-05
231 230 2.43088e-05
230 229 5.40333e-05
229 228 1.35594e-05
234 233 9.89744e-06
235 234 5.2556e-06
244 243 2.66112e-05
245 244 6.12987e-06
241 240 3.34314e-05
238 237 2.17869e-05
246 245 3.75081e-05
236 235 3.74485e-05
237 236 7.47229e-05
242 241 2.20472e-05
240 238 1.77552e-05
243 242 4.66867e-05
251 250 1.4826e-05
252 251 6.4728e-05
248 246 4.25425e-05
253 252 2.78231e-05
257 256 3.85182e-05
250 249 3.1334e-05
249 248 4.58976e-05
256 255 2.62491e-05
255 254 1.13531e-05
254 253 5.28643e-05
267 266 1.6208e-05
273 272 2.81521e-05
266 264 1.18592e-05
263 262 7.48936e-06
259 257 3.84972e-05
260 259 3.30759e-05
261 260 2.82144e-05
262 261 3.29062e-05
264 263 0.000127449
268 267 4.20727e-05
269 268 7.95801e-06
276 275 2.46033e-05
275 274 0.000114848
279 278 5.50458e-05
274 273 7.43678e-05
282 281 6.56462e-05
285 283 0.000179681
277 276 7.00735e-05
280 279 2.57761e-05
278 277 7.38814e-05
281 280 3.51693e-05
283 282 0.000167474
288 287 0.000284065
286 285 0.000366997
284 283 0.000176608
295 294 4.41158e-05
300 299 9.82455e-05
289 288 0.000302787
287 286 0.000115161
290 289 0.000364499
291 290 8.01919e-05
293 292 1.8588e-05
294 293 1.85338e-05
292 291 0.000411127
298 296 0.000163953
296 295 0.000143783
302 301 1.3268e-05
299 298 7.09026e-05
303 302 8.41948e-05
301 300 0.000104859
306 305 1.10586e-05
308 307 3.33616e-05
310 309 7.04679e-05
305 304 1.11303e-05
307 306 0.000210912
304 303 3.53496e-05
309 308 3.40883e-05
311 310 3.01544e-05
312 311 3.73516e-05
313 312 9.49099e-06
316 315 2.88643e-05
315 313 0.000142148
317 316 0.000111154
477 476 5.49351e-05
318 317 6.51341e-05
329 328 0.00152503
322 321 0.00104306
319 318 0.000168812
326 325 0.0011443
320 319 0.000369212
323 322 0.000872287
321 320 0.000551802
325 324 0.000980972
333 332 0.00280441
324 323 0.000689921
330 329 0.00201661
327 326 0.00128383
328 327 0.00145176
332 331 0.00345487
331 330 0.00220459
335 334 0.00243734
334 333 0.00349923
336 335 0.00131641
341 340 0.00251576
338 337 0.000519396
337 336 0.00348086
340 339 0.00334227
339 338 0.00218043
344 343 0.000491882
342 341 0.00207798
343 342 0.00081625
347 346 0.000699637
346 345 0.000617705
348 347 0.000223189
345 344 0.000191255
349 348 0.00136948
356 355 0.000389642
350 349 0.00258429
353 352 0.000974366
352 351 0.00347872
351 350 0.00352285
361 360 0.000480292
354 353 0.000483662
355 354 0.00106917
357 356 0.000585695
358 357 0.000251119
359 358 8.3693e-05
363 362 0.000210556
360 359 0.000110732
367 366 0.000105236
366 365 0.000125845
368 367 0.000101287
362 361 0.000120402
365 364 3.60468e-05
364 363 6.27429e-05
369 368 3.3987e-05
371 370 2.57014e-05
370 369 7.00195e-05
372 370 7.97793e-05
374 373 5.85944e-05
373 372 7.81096e-05
375 374 2.03887e-05
380 379 6.17442e-05
379 378 2.15683e-05
378 377 6.19688e-05
376 374 8.27415e-05
377 376 5.76985e-05
382 381 2.01724e-05
381 380 3.07017e-05
383 382 5.22572e-05
384 383 4.6557e-05
385 384 2.12861e-05
387 386 2.80783e-06
386 385 4.78109e-05
388 387 7.65619e-05
389 388 2.83414e-05
391 390 3.00286e-05
390 389 4.73759e-05
392 391 8.33719e-05
393 392 3.381e-05
395 394 5.64417e-05
394 393 7.73223e-05
402 401 9.84544e-05
397 396 6.83697e-05
396 395 3.565e-05
399 398 3.99829e-05
398 397 0.000113094
403 402 0.000113234
401 400 0.000248196
400 399 9.80285e-05
410 409 0.000291114
409 408 0.000328495
406 405 0.000188059
405 404 5.22031e-05
404 403 0.000252534
407 406 0.000194508
408 406 0.000312808
411 410 0.000252177
412 411 0.000271872
414 413 0.000171979
413 412 0.000231079
415 414 0.000270415
417 416 0.000415633
423 422 0.000204319
419 418 0.000253554
418 417 0.000182076
416 415 0.00010162
421 420 7.80897e-05
422 421 0.000290494
420 419 0.000259484
426 425 0.000730587
425 424 0.00050653
428 427 0.00128692
424 423 0.000167419
427 426 0.000145578
429 428 0.00103542
430 429 0.0018812
431 430 0.00157163
432 431 0.00120012
435 434 0.000340274
433 432 0.000334052
434 433 0.000592869
437 436 0.000187368
436 435 0.00082178
440 439 0.000336439
439 438 0.000246906
438 437 0.000375634
442 441 0.00031027
443 442 0.000226153
441 440 0.00044603
447 446 0.00016291
446 445 0.000175579
444 443 8.06793e-05
445 444 0.000109013
448 447 0.000186426
450 449 0.000167064
449 448 0.000338865
458 457 0.000231526
459 458 0.000117587
455 454 0.000160573
453 452 0.000127855
451 450 0.000106825
452 451 9.87741e-05
457 456 0.000189344
456 455 4.67958e-05
454 453 5.4054e-05
460 459 0.000116803
461 460 0.000193311
463 462 9.23744e-05
462 461 0.000107689
465 464 6.62036e-05
470 469 5.28225e-05
466 465 9.06106e-05
464 463 0.000228721
469 468 0.000114814
1573 1572 1.7307e-05
468 467 6.23745e-05
467 466 0.00014755
473 472 4.94225e-05
472 471 8.37593e-05
471 470 4.19558e-05
475 474 5.35655e-05
478 477 2.99837e-05
476 475 9.62133e-05
474 473 4.53793e-05
484 483 3.94987e-05
483 482 4.69915e-05
479 478 6.99289e-05
480 479 3.1819e-05
482 481 5.74138e-05
486 485 2.97447e-05
481 480 5.5389e-05
485 484 7.37677e-05
492 491 9.47369e-05
488 487 6.46669e-05
489 488 3.55792e-05
487 486 3.0291e-05
493 492 1.7977e-05
490 489 6.52227e-05
495 494 6.74846e-05
494 493 7.46432e-05
491 490 2.74621e-05
496 495 6.00751e-05
500 499 0.000269202
497 496 5.51896e-05
498 497 0.000155757
499 498 0.000203282
502 501 0.000481362
501 500 0.000332535
504 503 0.000407561
503 502 0.000462836
506 505 0.000189607
505 504 0.000483091
507 506 0.000533938
508 507 0.000296288
514 513 0.000125211
511 510 0.000232979
509 508 0.000538184
510 509 0.00011028
516 515 0.000181904
512 511 0.000204457
518 517 7.21565e-05
513 512 0.00031155
515 514 0.00018469
519 518 6.98626e-05
520 519 0.000164948
521 520 8.54886e-05
524 523 4.22426e-05
525 524 0.000116238
522 521 3.80964e-05
527 526 5.68445e-05
523 522 3.57406e-05
530 529 8.16736e-05
526 525 3.59473e-05
531 530 0.000248179
532 531 9.17709e-05
528 527 0.000138121
529 528 4.10091e-05
533 532 0.000160978
539 538 0.000466529
538 537 0.000313482
535 534 0.000249043
534 533 7.21264e-05
537 536 0.000176279
536 535 0.000198091
541 540 0.000250361
540 539 0.00034266
542 541 0.000339838
543 542 0.000226222
548 547 0.000209248
544 543 0.000578475
545 544 0.00023835
547 546 0.000294377
551 550 0.000459992
549 548 0.000211605
546 545 0.000439674
550 549 0.000289683
563 562 0.000494674
555 554 0.000393008
554 553 0.000385162
553 552 0.000578949
552 551 0.000168378
557 556 0.00109774
556 555 0.000431994
564 563 0.000150266
561 560 0.000182432
559 558 0.00028057
558 557 0.000381513
562 561 0.000162961
560 559 0.000777086
567 566 7.98273e-05
570 569 2.58598e-05
566 565 4.24107e-05
565 564 8.35237e-05
571 570 6.40395e-05
569 568 8.37718e-05
568 567 4.1995e-05
579 578 2.04324e-05
575 574 6.82444e-05
574 573 6.92184e-05
572 571 0.000268394
573 572 3.76886e-05
580 579 8.16926e-05
576 575 8.47254e-05
577 576 3.82572e-05
581 580 4.74342e-05
578 577 0.000107605
582 581 0.000104079
588 587 0.000111948
583 582 6.31065e-05
592 591 0.00011675
584 583 0.000106365
586 585 5.34105e-05
591 590 7.05172e-05
587 586 0.000111277
585 584 0.000113269
589 588 0.000193309
590 589 9.19817e-05
594 593 2.75799e-05
593 592 0.000199205
601 600 9.84515e-05
597 596 0.000218976
596 595 7.19189e-05
595 594 5.52625e-05
598 597 9.24131e-05
599 598 4.2878e-05
602 601 2.03736e-05
600 599 5.96729e-05
603 602 6.88169e-05
604 603 3.50442e-05
607 606 6.8554e-05
605 604 4.50641e-05
614 613 1.68282e-05
610 608 6.85679e-05
612 611 0.000105971
613 612 9.47145e-05
608 607 0.000154587
606 605 1.9979e-05
617 615 0.000193091
611 610 5.26472e-05
620 619 2.47923e-05
621 618 0.000121223
615 614 1.72584e-05
624 623 0.000107109
618 617 9.84039e-05
619 618 5.39924e-05
622 621 1.91551e-05
630 629 1.73144e-05
628 627 1.01188e-05
623 622 0.000187092
625 624 4.44736e-05
626 625 0.000141678
629 628 0.000117816
627 626 9.12351e-05
632 631 0.000156515
631 630 7.14729e-05
634 633 0.000204345
633 632 9.89088e-05
639 638 0.000119906
638 637 3.37575e-05
637 636 8.26495e-05
636 635 7.02215e-05
635 634 0.000146052
640 639 0.000109026
642 641 5.28593e-05
643 642 8.79345e-05
641 640 3.01641e-05
645 644 0.000203724
648 647 4.08316e-05
650 649 3.09397e-05
646 645 0.000137114
644 643 0.000161676
647 646 3.10982e-05
651 650 0.000115518
649 648 3.20773e-05
658 657 3.41001e-05
659 658 2.33955e-05
654 653 4.35744e-05
653 652 7.90187e-05
652 651 8.73871e-05
666 665 0.000198378
656 655 8.10194e-05
655 654 4.26686e-05
661 659 0.000145709
660 659 7.17607e-05
657 656 2.61258e-05
665 664 8.31367e-05
664 663 0.000185133
668 666 4.27943e-05
663 662 0.000232808
662 661 5.07903e-05
682 681 9.56957e-05
683 682 0.000262233
681 680 0.000314986
680 679 4.49813e-05
673 672 0.000211021
669 668 6.33962e-05
670 669 1.56643e-05
671 670 0.000251515
672 671 0.000199531
679 678 0.000124667
678 676 9.05242e-05
675 674 4.97781e-05
674 673 0.000114929
676 675 0.000272087
685 684 6.68818e-05
687 686 0.000138904
686 685 0.000152897
684 683 5.75032e-05
688 687 0.000148545
697 696 0.000139467
692 691 0.000403938
690 689 0.000584182
691 690 0.000368917
689 688 0.000111529
693 692 9.77319e-05
694 693 0.000168881
696 695 0.000429633
695 694 6.32349e-05
702 701 0.000424224
701 700 0.000178552
698 697 0.000446809
700 699 0.000455994
707 706 0.000172992
699 698 0.000363447
704 703 9.60097e-05
706 705 0.000367201
703 702 0.000608002
709 708 0.000466713
705 704 0.00027127
708 707 7.16764e-05
710 709 6.35211e-05
711 710 0.000153288
714 713 0.000222547
712 711 0.000221594
713 712 0.000105957
716 715 0.000243687
715 714 4.72437e-05
721 720 0.000102278
718 717 0.000120458
717 716 0.000100697
719 718 0.000185889
720 719 0.000258426
723 722 0.000194399
726 725 0.00023312
722 721 0.000103757
725 724 0.000379178
724 723 0.000173978
730 729 0.000382624
729 728 0.000435449
728 727 0.000100913
727 726 0.000235346
734 733 0.000830346
731 730 0.00018556
736 735 0.000251233
733 732 0.000154697
732 731 0.00051337
742 741 0.00031208
737 736 0.000390662
741 740 0.000270188
735 734 0.000210612
738 737 0.000619434
1812 1811 8.339e-06
739 738 0.000138107
740 739 0.000338001
746 745 0.00015111
744 743 7.18028e-05
745 744 0.000292811
743 742 8.57984e-05
747 746 0.000417476
748 747 0.000116738
750 749 0.000130857
751 750 0.000334366
753 752 0.000171339
749 748 0.000305148
752 751 0.000139895
757 756 0.00021348
755 754 0.000328368
754 753 0.000312304
756 755 0.000251974
762 761 0.00203929
758 757 0.00055916
759 758 0.000670178
765 764 0.00618291
761 760 0.00160181
760 759 0.000711554
764 763 0.00539156
763 762 0.00318055
768 767 0.00135352
767 766 0.0028727
770 769 0.000403111
766 765 0.00623325
769 768 0.000653764
771 770 0.000909669
772 771 0.000190657
773 772 0.00022608
776 775 0.000343882
775 774 0.00019923
774 773 0.000420608
777 776 0.000414216
780 779 0.000195031
778 777 0.000124014
779 778 0.000175059
783 782 0.000180066
781 780 6.03671e-05
790 789 0.000412651
782 781 0.000193721
786 785 0.000447112
784 783 0.00028089
785 784 0.000216921
789 788 0.000317309
787 786 8.64964e-05
788 787 0.000225607
793 792 0.000536546
791 790 0.000439487
792 791 0.000702499
795 794 0.000781338
799 798 0.000521977
797 796 0.000437073
796 795 0.00141337
794 793 0.000442755
800 799 0.00166935
803 802 0.000931912
798 797 0.000811507
804 803 0.00143228
806 805 0.000448135
802 801 0.00119092
801 800 0.000854029
808 807 0.00164215
805 804 0.00170974
810 809 0.00143844
809 808 0.000509342
807 806 0.000610304
813 812 0.000944805
812 811 0.00068526
814 813 0.00159901
816 815 0.00130637
815 814 0.000737792
811 810 0.00103045
824 823 0.00166611
817 816 0.00161883
818 817 0.000925769
820 819 0.00180124
821 820 0.00134406
819 818 0.00135885
822 821 0.00217212
826 825 0.000205506
823 822 0.000873693
825 824 0.00119806
831 830 0.000174411
832 831 0.000281971
827 826 0.000526259
829 828 0.000148605
828 827 0.000525798
833 832 5.87661e-05
830 828 0.000511494
838 837 7.08782e-05
835 834 6.77379e-05
834 832 0.000224529
836 835 0.000121216
844 843 4.05171e-05
841 840 9.74975e-05
840 838 0.000200311
837 836 7.25232e-05
842 841 8.18282e-05
845 844 0.000117234
843 842 0.000109183
849 848 3.38094e-05
848 847 6.6587e-05
847 846 7.35209e-05
846 845 4.04064e-05
850 849 3.12233e-05
856 855 3.22163e-05
857 856 7.95241e-05
858 857 7.60666e-06
851 850 0.000107181
852 851 9.37793e-05
853 852 4.83171e-05
854 853 6.41685e-05
855 854 3.10156e-05
860 859 3.4912e-05
859 858 2.81113e-05
862 861 1.8485e-05
866 865 2.79195e-05
861 860 2.76103e-05
864 862 0.000107612
865 864 3.41802e-05
869 867 8.2083e-05
872 871 6.46321e-05
871 870 6.00726e-05
873 872 3.72016e-05
870 869 4.06786e-05
867 866 2.75703e-05
874 873 9.18286e-05
875 874 5.39405e-05
877 875 4.74511e-05
880 879 4.88234e-05
879 878 1.35692e-05
878 877 1.22348e-05
886 883 0.000115983
883 882 4.57832e-05
881 880 4.55545e-05
882 881 2.78602e-05
890 889 0.000129052
888 887 2.17689e-05
887 886 0.000145476
893 892 3.82801e-05
891 890 0.000124809
889 888 5.0073e-05
892 891 0.000130787
894 893 0.000109914
895 894 4.6693e-05
896 895 4.09918e-05
897 896 8.63276e-05
901 900 0.000110298
898 897 0.000218685
903 902 5.18986e-05
902 901 0.000135569
900 899 0.000133663
899 898 0.000124378
905 904 1.82521e-05
906 905 0.000103632
904 903 9.07933e-05
907 906 8.35401e-05
909 907 0.000102504
917 916 4.67196e-05
911 910 1.16693e-05
916 914 0.000195102
913 912 0.000143203
914 913 2.93167e-05
910 909 0.000119255
912 911 1.29135e-05
919 918 0.00013197
918 917 7.90575e-05
920 919 0.000174482
921 920 4.69032e-05
926 925 6.75183e-05
927 925 0.000354397
924 923 8.07377e-05
923 922 1.98524e-05
922 921 0.000176778
925 924 1.31269e-05
929 928 0.000306401
928 927 0.000242063
931 930 3.41784e-05
930 929 1.9082e-05
950 949 0.000206062
949 948 0.000218245
932 931 4.96252e-05
933 932 0.000181148
935 934 9.12115e-05
934 933 0.000149131
943 942 4.62464e-05
940 939 0.000165987
938 937 0.000153637
939 938 0.000125439
936 935 1.96591e-05
937 936 2.5432e-05
942 941 7.30814e-05
941 940 0.000487612
947 946 8.24956e-05
946 945 3.38605e-05
945 944 2.8586e-05
944 943 0.000415786
953 952 4.04463e-05
951 950 0.000353058
948 947 4.93452e-05
952 951 0.000105133
956 955 1.97606e-05
955 954 3.91828e-05
957 956 2.31201e-05
958 957 6.80383e-05
954 953 3.95647e-05
960 959 3.60589e-05
959 958 0.000163092
961 960 2.62376e-05
968 967 5.43604e-05
964 963 6.06252e-05
965 964 1.65109e-05
966 965 0.000140738
962 961 0.000207316
967 966 4.70085e-05
963 962 0.000158391
970 969 2.80475e-05
971 970 6.26251e-05
969 968 3.78413e-05
973 972 5.01171e-05
972 971 0.00014834
974 973 9.59487e-05
975 974 0.000238458
985 984 0.000192309
976 975 8.0922e-06
977 976 2.388e-05
987 986 4.36146e-05
980 979 6.21689e-05
979 978 3.00559e-05
978 977 0.000112207
982 981 0.00012401
981 980 0.000108735
983 982 5.24664e-05
984 983 6.37744e-05
986 985 7.62812e-05
988 987 0.000271671
990 989 0.000184881
989 988 0.000104813
994 993 0.000224487
996 995 0.000214346
995 994 0.000359891
997 996 6.25483e-05
991 990 5.6508e-05
993 992 0.000133461
992 991 9.66912e-05
1000 999 8.146e-05
998 997 0.000145779
1002 1001 0.000345233
999 998 5.50354e-05
1004 1003 4.20132e-05
1005 1004 0.000101813
1001 1000 0.000167006
1009 1008 0.000267958
1008 1007 5.06189e-05
1003 1002 9.67072e-05
1007 1006 0.00016782
1006 1005 0.000110591
1022 1021 7.5632e-05
1023 1022 4.55117e-05
1012 1011 6.86232e-05
1013 1012 0.000204189
1014 1013 0.000155582
1011 1010 0.000153407
1010 1009 5.02875e-05
1015 1014 0.000125759
1016 1015 7.98107e-05
1017 1016 0.000315775
1019 1018 0.000142501
1018 1017 8.7559e-05
1021 1020 2.81203e-05
1020 1019 0.000208487
1031 1030 6.6352e-05
1027 1026 0.000145518
1026 1025 0.000168941
1024 1023 9.12371e-05
1025 1024 0.000140017
1034 1033 0.000115862
1030 1029 3.48588e-05
1029 1028 6.80173e-05
1028 1027 0.000330238
1032 1031 3.5782e-05
1039 1038 2.24231e-05
1033 1032 7.29813e-05
1036 1035 0.000143824
1035 1034 2.53044e-05
1042 1041 1.60892e-05
1040 1039 1.48976e-05
1037 1036 3.37898e-05
1038 1037 0.000157713
1043 1042 3.1713e-05
1054 1053 0.000111144
1046 1045 5.4299e-06
1041 1040 8.1073e-05
1047 1046 0.000127196
1044 1043 7.38248e-05
1045 1044 7.37278e-06
1049 1048 4.56147e-05
1048 1047 8.87233e-05
1051 1050 2.06148e-05
1053 1052 0.000109017
1052 1051 6.09082e-05
1050 1049 7.49338e-05
1056 1054 4.13917e-05
1058 1057 1.51339e-05
1057 1056 1.74156e-05
1059 1058 1.27467e-05
1060 1059 8.98536e-05
1061 1060 2.25943e-05
1066 1065 1.76056e-05
1067 1066 3.47337e-05
1062 1061 7.88654e-05
1065 1062 0.000108654
1070 1069 7.76813e-05
1068 1067 0.00010345
1072 1071 3.45599e-05
1071 1070 6.78464e-05
1073 1072 6.74742e-05
1069 1068 2.80511e-05
1075 1074 1.95853e-05
1077 1076 0.000122973
1076 1075 7.54634e-05
1078 1077 4.44765e-05
1074 1073 5.96311e-05
1083 1082 7.31356e-05
1082 1081 0.000180412
1080 1079 0.000147917
1081 1080 8.0648e-05
1079 1078 4.2886e-05
1086 1085 7.33585e-05
1087 1086 5.35446e-05
1085 1084 9.6851e-05
1091 1090 0.000156787
1084 1083 8.32848e-05
1089 1088 5.31849e-05
1088 1087 0.000174394
1094 1093 5.94445e-05
1095 1094 6.5777e-05
1092 1091 7.39725e-05
1093 1092 5.52221e-05
1090 1089 2.72402e-05
1101 1100 7.70027e-05
1100 1099 3.84333e-05
1099 1098 5.14471e-05
1098 1097 7.11195e-05
1097 1096 7.23656e-05
1096 1095 9.33614e-05
1111 1110 2.23134e-05
1102 1101 5.56394e-05
1104 1103 4.06852e-05
1103 1102 3.31198e-05
1106 1105 4.94715e-05
1105 1104 5.93798e-05
1107 1106 4.82246e-05
1108 1107 6.39282e-06
1110 1109 1.81058e-05
1109 1108 9.62097e-06
1116 1115 7.13659e-05
1112 1111 3.56821e-05
1119 1118 2.84213e-05
1114 1113 3.87754e-05
1113 1112 9.18256e-05
1115 1114 5.95047e-05
1118 1116 1.89454e-05
1122 1121 6.01235e-05
1121 1120 2.30655e-05
1120 1119 8.51913e-05
1123 1122 1.52507e-05
1133 1132 6.87262e-05
1134 1133 0.000103629
1125 1124 2.83155e-05
1131 1130 6.81056e-05
1127 1126 3.46849e-05
1124 1123 1.92959e-05
1130 1128 9.81196e-05
1126 1125 1.46637e-05
1132 1131 7.6899e-05
1128 1127 3.16025e-05
1135 1134 9.49975e-05
1140 1138 4.96128e-05
1145 1144 1.05745e-05
1141 1140 4.11583e-05
1136 1135 1.73242e-05
1138 1136 3.88114e-05
1152 1151 6.24722e-05
1151 1150 3.39935e-05
1148 1147 4.53771e-05
1146 1145 2.4864e-05
1147 1146 0.0001013
1142 1141 2.94687e-05
1144 1143 3.19472e-05
1143 1142 4.52695e-06
1156 1155 7.0178e-05
1155 1154 0.000112278
1150 1149 4.53496e-05
1157 1156 1.09076e-05
1149 1148 0.000144285
1153 1152 3.96348e-05
1154 1153 2.07727e-05
1161 1160 7.17691e-05
1163 1161 3.31237e-05
1164 1163 2.49922e-05
1160 1159 1.94771e-05
1159 1158 3.31159e-05
1158 1157 0.000152165
1178 1177 0.000122902
1173 1171 8.35641e-05
1174 1173 0.000143852
1168 1167 3.90993e-05
1169 1168 8.47669e-05
1165 1164 4.86334e-05
1167 1166 0.000112021
1166 1165 0.000147065
1171 1170 9.37168e-05
1170 1169 4.72795e-05
1176 1175 0.000102668
1175 1174 5.6314e-05
1183 1182 0.000263454
1177 1176 0.000114982
1180 1178 4.9323e-05
1181 1180 0.000268937
1182 1181 0.000166288
1188 1187 7.44671e-06
1184 1183 2.29942e-05
1189 1188 8.71426e-05
1194 1193 9.208e-05
1187 1185 5.34044e-05
1185 1184 0.000125525
1196 1195 5.98844e-06
1192 1191 6.00467e-05
1190 1189 3.02051e-05
1191 1190 0.000131424
1193 1192 0.000113488
1201 1200 4.15716e-06
1200 1199 3.75726e-05
1195 1194 5.59097e-05
1198 1196 0.00010074
1199 1198 4.78694e-05
1203 1202 6.64993e-06
1206 1205 6.79001e-05
1205 1204 5.97313e-05
1204 1203 1.29052e-05
1202 1201 5.73825e-06
1207 1206 1.4987e-05
1208 1207 1.8963e-05
1209 1208 3.56951e-05
1210 1209 6.68108e-05
1212 1211 3.53466e-05
1213 1212 7.56519e-06
1211 1210 6.49736e-06
1214 1213 0.000144347
1219 1218 0.000131634
1218 1217 0.000168528
1486 1485 1.76956e-05
1220 1219 4.74534e-05
1223 1222 0.000100889
1217 1215 0.000125411
1215 1214 2.13277e-05
1222 1221 0.000222167
1225 1224 5.45566e-05
1224 1223 0.000303727
1221 1220 0.000591858
1230 1229 0.000236827
1226 1225 0.000275275
1229 1228 0.000227079
1233 1232 0.000231544
1228 1227 0.000517239
1227 1226 0.000109167
1232 1231 8.5548e-05
1234 1233 0.000127155
1231 1230 8.64067e-05
1235 1234 6.335e-05
1236 1235 9.50656e-05
1237 1236 0.000135546
1241 1240 8.76678e-05
1243 1242 8.00021e-05
1240 1239 7.90265e-05
1239 1238 5.65484e-05
1238 1237 0.00011206
1244 1243 5.05819e-05
1242 1241 5.13088e-05
1246 1245 6.31013e-05
1245 1244 3.19782e-05
1249 1248 4.39222e-05
1248 1247 4.63788e-05
1247 1246 2.16632e-05
1250 1249 2.59483e-05
1256 1255 2.76932e-05
1254 1253 1.11158e-05
1251 1250 5.83881e-05
1252 1251 4.06598e-05
1253 1252 3.246e-05
1260 1259 3.53102e-05
1261 1259 3.23763e-05
1255 1254 3.77318e-05
1257 1256 6.82974e-06
1264 1263 4.94674e-06
1266 1265 3.82996e-05
1265 1264 4.57902e-05
1259 1257 1.8709e-05
1263 1261 1.56965e-05
1269 1268 1.29834e-05
1267 1266 2.62198e-05
1268 1266 7.54977e-05
1271 1269 5.51559e-05
1272 1271 1.5482e-05
1274 1273 1.44789e-05
1273 1272 1.6549e-05
1279 1278 1.21811e-05
1284 1283 8.48855e-06
1278 1277 1.55983e-05
1283 1282 2.75637e-05
1275 1274 3.8141e-05
1276 1275 2.26429e-05
1280 1279 5.70654e-06
1281 1280 1.13914e-05
1277 1276 1.16977e-05
1282 1281 1.89803e-05
1285 1284 9.08562e-06
1290 1289 2.61097e-05
1294 1293 1.63234e-05
1293 1292 2.13654e-05
1289 1287 3.23448e-05
1287 1286 1.76042e-05
1286 1285 1.78534e-05
1295 1294 8.73444e-06
1298 1297 1.01628e-05
1297 1296 2.99524e-05
1292 1290 2.42741e-05
1299 1298 1.12755e-05
1296 1295 5.50554e-06
1300 1299 1.09073e-05
1301 1299 3.55303e-05
1302 1301 5.10595e-06
1304 1302 6.39896e-05
1305 1304 4.06535e-05
1306 1305 5.85137e-05
1307 1306 4.64413e-05
1312 1311 4.22303e-05
1314 1313 7.32037e-05
1309 1307 1.30385e-05
1310 1309 3.12982e-05
1311 1310 7.92307e-05
1313 1312 6.64581e-06
1315 1314 2.17429e-05
1324 1322 3.12021e-05
1329 1328 6.02367e-05
1333 1332 0.000121561
1335 1333 3.75768e-05
1319 1316 6.4897e-05
1316 1315 8.44802e-06
1320 1319 9.30334e-05
1321 1320 5.67719e-05
1322 1321 4.72914e-05
1332 1329 9.39101e-05
1328 1326 2.35491e-05
1326 1325 1.71164e-05
1325 1324 9.73397e-06
1340 1339 6.19545e-05
1339 1337 9.63189e-05
1330 1329 3.66769e-05
1337 1336 4.44447e-05
1336 1335 9.04208e-06
1341 1340 0.000127847
1342 1341 2.41535e-05
1343 1342 4.8276e-05
1345 1344 6.11858e-05
1344 1343 8.16973e-05
1349 1348 8.16554e-05
1354 1353 3.39807e-05
1348 1347 0.000101489
1346 1345 9.13898e-05
1350 1349 4.48899e-05
1347 1346 6.44261e-05
1360 1359 4.55717e-06
1356 1355 7.68182e-05
1355 1354 8.23468e-05
1352 1350 6.90824e-05
1353 1352 1.12774e-05
1359 1358 4.42021e-05
1357 1356 9.57315e-05
1363 1362 3.18544e-05
1362 1361 7.37073e-05
1361 1360 5.0152e-06
1358 1357 6.98237e-05
1373 1371 3.33845e-05
1368 1367 1.40774e-05
1366 1365 3.57226e-05
1367 1366 2.51951e-05
1365 1364 7.9891e-05
1364 1363 3.87194e-05
1369 1368 4.97552e-05
1371 1370 3.205e-05
1370 1369 3.63188e-05
1377 1376 3.21253e-05
1375 1374 2.9333e-05
1376 1375 7.20556e-06
1374 1373 1.45118e-05
1378 1377 9.28668e-05
1379 1378 2.57444e-05
1380 1378 3.66514e-05
1381 1380 2.65766e-05
1383 1381 4.48013e-05
1387 1386 6.69503e-06
1385 1384 2.5876e-05
1390 1389 3.70828e-05
1389 1387 3.43356e-05
1386 1385 1.63423e-05
1392 1390 3.2701e-05
1384 1383 2.33014e-05
1393 1392 3.03118e-05
1394 1393 0.000124485
1395 1394 3.54526e-05
1398 1397 2.98692e-05
1400 1398 0.00021093
1396 1395 1.89289e-05
1407 1405 9.5399e-05
1397 1396 3.89521e-05
1402 1401 3.2275e-05
1403 1402 5.33747e-05
1401 1400 8.69265e-05
1404 1403 1.38558e-05
1405 1404 7.93618e-05
1408 1407 4.96408e-05
1410 1408 4.71555e-05
1412 1411 4.24251e-05
1411 1410 5.81344e-05
1418 1417 1.89189e-05
1417 1416 5.44112e-05
1414 1413 7.75281e-06
1419 1418 2.41936e-05
1420 1419 3.15224e-05
1416 1415 6.30205e-05
1413 1412 6.64988e-05
1415 1414 0.000137306
1426 1425 5.83734e-05
1421 1420 1.70466e-05
1422 1421 3.14948e-05
1425 1422 4.8645e-05
1427 1426 4.47494e-06
1441 1440 1.44366e-05
1443 1442 1.61498e-05
1442 1441 2.07218e-05
1437 1435 1.12971e-05
1438 1437 2.82419e-05
1435 1433 4.90989e-05
1428 1427 1.50374e-05
1429 1428 3.8462e-05
1430 1429 6.75814e-06
1431 1430 1.16626e-05
1440 1439 5.50825e-06
1432 1431 8.91893e-05
1433 1432 4.97276e-05
1439 1438 1.29445e-05
1445 1444 3.3627e-05
1444 1443 4.01874e-05
1449 1448 8.12677e-06
1448 1447 3.05892e-05
1447 1446 1.40179e-05
1446 1445 1.40179e-05
1450 1449 3.08809e-05
1453 1452 2.74387e-05
1452 1451 3.49647e-05
1451 1450 2.98436e-05
1457 1456 2.10042e-05
1456 1455 3.78744e-05
1459 1458 1.97814e-05
1460 1459 7.81592e-05
1458 1457 3.34956e-05
1455 1453 5.81504e-05
1466 1465 3.96498e-05
1467 1466 5.5755e-05
1462 1461 7.42353e-05
1461 1460 3.55577e-05
1465 1464 0.000204601
1469 1468 2.08325e-05
1468 1467 1.69127e-05
1464 1462 0.000348847
1471 1469 4.24512e-05
1475 1474 9.25044e-05
1474 1473 1.94692e-05
1477 1476 4.25068e-05
1476 1475 3.62254e-05
1472 1471 2.63697e-05
1473 1472 7.94721e-05
1480 1479 3.08011e-05
1483 1482 8.18543e-05
1478 1477 3.67565e-05
1479 1478 1.56092e-05
1481 1480 6.5099e-06
1491 1490 2.63524e-05
1490 1489 2.31595e-05
1487 1486 1.14349e-05
1482 1481 0.000130316
1484 1483 2.22297e-05
1489 1488 3.05434e-05
1488 1487 3.04139e-05
1485 1484 3.13687e-05
1492 1491 8.74428e-06
1495 1494 2.00526e-05
1494 1493 1.04615e-05
1500 1499 9.9301e-06
1493 1492 2.98444e-05
1499 1498 4.7363e-05
1497 1496 1.4564e-05
1498 1497 1.8481e-05
1496 1495 2.22846e-05
1508 1507 7.02683e-06
1503 1502 1.17823e-05
1506 1505 1.33114e-05
1501 1500 8.03559e-06
1502 1501 1.75925e-05
1507 1506 1.04832e-05
1505 1504 1.76667e-05
1504 1503 5.37498e-06
1510 1509 1.39535e-05
1512 1511 2.634e-05
1514 1513 2.22579e-05
1511 1510 4.52478e-05
1513 1512 2.31019e-05
1509 1508 3.42728e-05
1515 1514 3.28609e-05
1518 1517 2.96658e-05
1519 1518 1.96165e-05
1521 1520 2.79558e-05
1520 1519 7.31573e-06
1523 1522 4.00152e-05
1522 1521 3.84272e-05
1517 1516 1.66444e-05
1516 1515 2.26645e-05
1526 1525 2.34574e-05
1527 1526 6.05734e-05
1524 1523 1.76765e-05
1525 1524 1.07607e-05
1529 1528 1.37885e-05
1528 1527 2.34308e-05
1531 1530 1.42853e-05
1530 1529 2.68197e-05
1537 1536 2.13949e-05
1536 1535 4.91904e-05
1534 1533 3.53868e-05
1532 1531 5.2254e-05
1543 1542 3.48767e-05
1535 1534 1.19146e-05
1533 1532 3.52328e-05
1541 1540 5.05866e-05
1539 1538 3.12023e-05
1538 1537 2.46651e-05
1545 1544 2.05776e-05
1547 1546 3.80635e-05
1546 1545 4.55644e-05
1542 1541 4.74482e-05
1540 1539 3.54631e-05
1544 1543 3.82901e-05
1548 1547 2.39116e-05
1549 1548 1.56435e-05
1553 1552 5.78137e-05
1554 1553 2.85452e-05
1550 1549 4.18258e-05
1556 1555 1.82885e-05
1552 1551 1.85604e-05
1551 1550 2.87761e-05
1560 1559 3.00257e-05
1559 1558 4.22654e-05
1558 1557 4.64556e-05
1555 1554 8.23133e-05
1557 1556 1.272e-05
1562 1561 5.68639e-05
1561 1560 5.55932e-05
1565 1564 9.86737e-05
1563 1562 7.67916e-05
1569 1568 2.99109e-05
1564 1563 8.81925e-05
1575 1574 5.07419e-05
1567 1566 9.28998e-05
1568 1567 4.34836e-05
1571 1570 0.000107704
1570 1569 0.000221872
1566 1565 6.51244e-05
1572 1571 0.000125815
1574 1573 8.81222e-05
1576 1575 0.000126397
1582 1581 8.56246e-05
1578 1577 5.62901e-05
1584 1583 0.000102922
1581 1580 0.000176509
1579 1578 0.000121368
1580 1579 7.63272e-05
1577 1576 7.30762e-05
1583 1582 7.43478e-05
1586 1585 8.10162e-05
1590 1589 9.5448e-05
1585 1584 6.84735e-05
1587 1586 4.30586e-05
1591 1590 3.40304e-05
1589 1588 2.21113e-05
1588 1587 8.99732e-05
1592 1591 3.53351e-05
1593 1592 4.71128e-05
1594 1593 2.85155e-05
1596 1595 8.14648e-06
1597 1596 1.72371e-05
1595 1594 1.41651e-05
1598 1597 6.6889e-05
1600 1599 2.06758e-05
1599 1598 3.49493e-05
1605 1604 4.02945e-05
1603 1602 2.31287e-05
1602 1601 4.75539e-05
1601 1600 5.70554e-05
1606 1605 2.67514e-05
1604 1603 4.47466e-05
1609 1608 5.33439e-05
1607 1606 1.7343e-05
1613 1612 1.25337e-05
1611 1610 4.08464e-05
1608 1606 8.51429e-05
1610 1609 1.88184e-05
1614 1613 4.82695e-05
1612 1611 8.10319e-05
1615 1614 4.00533e-05
1617 1616 4.35468e-05
1616 1615 1.42336e-05
1621 1620 4.65668e-05
1620 1619 4.10521e-05
1619 1618 3.22334e-05
1618 1617 2.45835e-05
1622 1621 2.72567e-05
1625 1624 2.60925e-05
1626 1625 3.03093e-05
1627 1626 3.43545e-05
1624 1623 3.23409e-05
1623 1622 3.69407e-05
1635 1634 2.9953e-05
1629 1628 0.000115383
1628 1627 4.95701e-05
1630 1629 7.25423e-05
1631 1630 2.7135e-05
1634 1633 2.24863e-05
1633 1631 5.56448e-05
1632 1631 1.41496e-05
1638 1637 3.01519e-05
1636 1635 2.24752e-05
1637 1636 3.35142e-05
1644 1643 2.77729e-05
1642 1641 3.86795e-05
1641 1640 1.19544e-05
1640 1639 1.35128e-05
1639 1638 9.78769e-06
1643 1642 1.01774e-05
1645 1644 2.53572e-05
1649 1648 1.65376e-05
1650 1649 4.34225e-05
1648 1647 1.47375e-05
1647 1646 1.39698e-05
1646 1645 2.57614e-05
1653 1652 1.8579e-05
1658 1657 1.05614e-05
1651 1650 1.32158e-05
1652 1651 1.75343e-05
1655 1654 5.5367e-05
1654 1653 6.27675e-06
1657 1656 1.65041e-05
1656 1655 1.05997e-05
1664 1663 2.86101e-05
1663 1662 1.27566e-05
1659 1658 3.23751e-05
1660 1659 1.80739e-05
1665 1664 2.26504e-05
1662 1661 2.32428e-05
1661 1660 1.28872e-05
1667 1666 2.32189e-05
1668 1667 0.00150789
1666 1665 3.57495e-05
1672 1671 0.000665342
1671 1670 0.00384424
1670 1668 0.0270756
1674 1673 0.00018381
1673 1672 0.000107513
1682 1681 0.000209256
1683 1682 6.50885e-05
1680 1679 3.80604e-05
1676 1675 0.000105872
1675 1674 0.000249816
1678 1677 1.80848e-05
1688 1687 4.09882e-05
1679 1678 6.00421e-05
1677 1676 0.000677483
1681 1680 7.73689e-05
1684 1683 0.000187574
1685 1684 4.20356e-05
1686 1685 4.66921e-05
1689 1688 2.91541e-05
1687 1686 6.36139e-05
1690 1689 3.21593e-05
1694 1693 1.49734e-05
1691 1690 0.000110826
1692 1691 3.86102e-05
1693 1692 1.71205e-05
1695 1694 7.62423e-06
1697 1696 2.72028e-05
1702 1701 1.02302e-05
1696 1695 9.21032e-06
1698 1697 1.31813e-05
1700 1699 9.39535e-06
1701 1700 1.30902e-05
1712 1711 6.04278e-06
1699 1698 1.38738e-05
1703 1702 7.88608e-06
1704 1703 7.79337e-06
1706 1705 7.05104e-06
1705 1704 1.9564e-05
1708 1706 9.79202e-06
1709 1708 1.57756e-05
1710 1709 5.56672e-06
1711 1710 8.3035e-06
1713 1712 1.1426e-05
1714 1713 1.29232e-05
1717 1716 8.8773e-06
1718 1717 2.66647e-05
1716 1715 9.80056e-06
1715 1713 2.9959e-05
1719 1718 1.25428e-05
1723 1722 1.72775e-05
1724 1723 6.9983e-06
1721 1720 1.00671e-05
1720 1719 9.49451e-06
1726 1725 1.28699e-05
1725 1724 4.31059e-06
1722 1721 1.0313e-05
1727 1726 6.71355e-06
1728 1727 8.14417e-06
1729 1728 1.02949e-05
1731 1730 3.79265e-06
1734 1733 9.2024e-06
1730 1729 1.09515e-05
1735 1734 7.48344e-06
1737 1736 5.42808e-06
1733 1732 1.27062e-05
1732 1731 4.12469e-06
1738 1737 7.73057e-06
1736 1735 4.46343e-06
1740 1739 8.74692e-06
1739 1737 1.299e-05
1746 1745 3.83767e-06
1741 1740 3.33156e-06
1753 1752 2.97877e-06
1752 1751 3.85581e-06
1751 1750 1.04882e-05
1744 1743 3.45996e-06
1743 1742 5.64742e-06
1742 1741 2.21853e-06
1745 1744 7.93177e-06
1747 1746 3.37108e-06
1748 1747 6.97695e-06
1749 1748 8.69541e-06
1750 1749 3.06322e-06
1754 1753 6.08832e-06
1757 1756 6.92689e-07
1755 1754 2.25979e-06
1761 1760 8.3042e-06
1758 1757 6.47083e-06
1756 1755 1.00619e-05
1760 1759 1.32579e-05
1759 1758 2.71564e-06
1764 1763 6.41004e-06
1763 1762 6.5635e-06
1762 1761 5.50547e-06
1770 1769 5.01144e-06
1767 1766 4.98597e-06
1765 1764 2.97462e-06
1766 1765 4.4837e-06
1773 1772 3.24952e-06
1768 1767 2.84215e-06
1769 1768 2.59606e-06
1771 1770 1.30931e-06
1776 1775 7.55181e-06
1778 1777 6.31768e-06
1772 1771 3.73007e-06
1779 1778 2.09735e-06
1777 1776 3.50071e-06
1775 1774 2.14787e-06
1774 1773 2.42517e-06
1781 1780 2.12987e-06
1787 1785 2.59821e-06
1784 1783 1.5733e-06
1782 1781 3.5903e-06
1783 1782 2.40438e-06
1780 1779 5.39647e-06
1785 1784 3.06114e-06
1795 1794 2.48494e-06
1791 1790 6.19594e-06
1796 1795 3.79093e-06
1797 1796 5.31144e-06
1794 1793 1.01106e-06
1790 1787 5.46299e-06
1798 1797 2.82335e-06
1793 1791 5.89929e-06
1800 1798 4.8795e-06
1804 1802 1.67001e-06
1805 1804 4.09303e-06
1802 1801 2.45899e-06
1801 1800 7.05675e-06
1806 1805 2.06932e-06
1814 1813 6.6218e-06
1809 1808 1.7299e-06
1808 1805 2.27067e-06
1811 1809 1.56232e-06
1817 1815 1.76887e-06
1813 1812 5.72407e-06
1815 1814 1.75788e-06
1822 1821 1.65579e-06
1820 1819 4.4148e-06
1819 1817 2.49393e-06
1826 1825 3.13848e-06
1825 1824 2.62538e-06
1823 1822 9.70743e-07
1821 1820 1.57155e-06
1829 1828 3.86503e-06
1828 1827 4.23713e-06
1827 1826 1.04836e-06
1824 1823 1.28179e-06
1830 1829 2.91137e-06
1836 1834 2.53346e-06
1837 1836 1.09431e-06
1831 1830 2.2045e-06
1832 1831 6.88226e-07
1838 1837 2.00856e-06
1834 1832 2.23316e-06
1841 1840 2.12279e-06
1840 1838 2.80045e-06
1844 1843 1.97516e-06
1846 1845 2.85046e-06
1847 1846 2.06312e-06
1842 1840 2.99412e-06
1853 1852 1.45894e-07
1845 1844 1.73953e-06
1843 1842 4.74608e-07
1849 1847 5.8545e-07
1859 1858 1.2525e-06
1852 1850 1.0941e-06
1850 1849 3.42484e-07
1857 1856 2.3495e-06
1856 1855 4.18381e-06
1854 1853 3.60152e-07
1855 1854 1.98613e-06
1858 1857 2.19389e-06
1860 1859 1.44525e-06
1864 1863 1.35837e-06
1861 1860 6.95906e-07
1863 1861 5.41726e-06
1865 1864 1.75582e-06
1869 1868 1.21272e-06
1868 1867 1.27491e-06
1873 1872 2.91951e-06
1866 1865 3.62803e-07
1867 1866 1.33187e-06
1870 1869 1.44099e-06
1872 1871 2.44428e-06
1871 1870 6.75525e-07
1875 1873 2.93854e-06
1886 1885 9.155e-07
1876 1875 1.02159e-06
1877 1876 1.07153e-06
1879 1878 6.61624e-07
1878 1877 1.85852e-06
1882 1881 3.55664e-06
1883 1882 5.64313e-07
1881 1880 1.42734e-06
1880 1879 3.60404e-06
1884 1883 1.64035e-06
1888 1886 6.88802e-07
1891 1890 1.61362e-06
1885 1884 1.54696e-06
1889 1888 2.68367e-06
1892 1891 1.15835e-06
1896 1895 2.55338e-07
1890 1889 7.98502e-07
1893 1892 4.16974e-06
1895 1894 1.4422e-06
1894 1893 4.012e-07
1897 1896 1.56594e-06
1898 1897 5.0673e-06
1899 1898 5.24519e-06
1900 1899 3.27316e-06
1904 1903 7.02069e-06
1902 1901 8.07248e-06
1901 1900 7.55872e-07
1905 1904 3.18347e-05
1903 1902 9.52808e-06
1906 1905 7.54256e-06
1907 1906 0.000155492
1911 1910 0.000795657
1909 1908 0.000257646
1908 1907 6.11153e-05
1910 1909 0.000470972
1913 1912 0.000712464
1912 1911 0.000710342
1915 1914 0.000329845
1914 1913 0.000872808
1916 1915 0.00060531
1920 1919 0.00167318
1918 1917 0.000967489
1917 1916 0.000240288
1921 1920 0.00394483
1928 1927 0.000188333
1922 1921 0.0042527
1919 1918 0.000303564
1924 1923 6.00034e-05
1925 1924 0.000978019
1923 1922 0.00227724
1926 1925 0.000467238
1927 1926 0.00109251
1930 1929 0.000146272
1932 1931 5.52152e-05
1929 1928 8.69467e-05
1931 1930 1.7576e-05
1934 1933 1.56e-05
1936 1935 0.000125608
1933 1932 6.5383e-05
1935 1934 0.000108317
1938 1937 0.000313269
1937 1936 0.000363878
1941 1940 0.000422814
1939 1938 0.00088756
1946 1945 0.00049311
1945 1944 0.000430333
1942 1941 0.000416968
1940 1939 0.000420397
1944 1943 0.000219319
1943 1942 0.000188887
1947 1946 0.000297415
1948 1947 0.001138
1950 1949 0.00233241
1949 1948 0.00108789
1951 1950 0.00109468
1953 1952 0.00924986
1952 1951 0.00394775
1957 1956 0.00209969
1955 1954 0.00104368
1954 1953 0.00414502
1958 1957 0.000933379
1959 1958 0.000326148
1956 1955 0.00207665
1963 1962 0.000372696
1962 1961 7.43625e-05
1961 1960 1.34397e-05
1960 1959 7.06411e-06
1964 1963 4.77852e-05
1965 1964 5.42201e-05
