0.667000 0.887000 0.828000	
0.719000 0.932000 0.830000	
0.771000 0.977000 0.832000	
0.668000 0.888000 0.759000	
0.721000 0.932000 0.761000	
0.773000 0.977000 0.763000	
0.670000 0.889000 0.690000	
0.723000 0.933000 0.692000	
0.774000 0.979000 0.693000	
0.673000 0.888000 0.621000	
0.725000 0.933000 0.622000	
0.776000 0.979000 0.624000	
0.674000 0.889000 0.551000	
0.728000 0.933000 0.553000	
0.779000 0.979000 0.555000
0.759000 0.576000 0.835000	
0.712000 0.626000 0.834000	
0.664000 0.676000 0.833000	
0.758000 0.574000 0.766000	
0.711000 0.625000 0.765000	
0.664000 0.676000 0.764000	
0.758000 0.573000 0.697000	
0.711000 0.624000 0.696000	
0.665000 0.676000 0.695000	
0.757000 0.572000 0.627000	
0.711000 0.623000 0.627000	
0.666000 0.676000 0.626000	
0.757000 0.571000 0.558000	
0.711000 0.622000 0.557000	
0.666000 0.676000 0.556000
0.839000 0.630000 0.457000	
0.794000 0.683000 0.457000	
0.750000 0.735000 0.457000	
0.891000 0.675000 0.457000	
0.847000 0.727000 0.458000	
0.802000 0.780000 0.458000	
0.944000 0.719000 0.458000	
0.899000 0.772000 0.458000	
0.855000 0.825000 0.459000	
0.997000 0.764000 0.458000	
0.953000 0.816000 0.459000	
0.908000 0.869000 0.459000	
1.050000 0.808000 0.460000	
1.005000 0.861000 0.460000	
0.960000 0.914000 0.459000	
