0 0 0
0.069 0 0
0.138 0 0
0 0.069 0
0.069 0.069 0
0.138 0.069 0
0 0.138 0
0.069 0.138 0
0.138 0.138 0
0 0.207 0
0.069 0.207 0
0.138 0.207 0
0 0.276 0
0.069 0.276 0
0.138 0.276 0
0 0 0
0.069 0 0
0.138 0 0
0 0.069 0
0.069 0.069 0
0.138 0.069 0
0 0.138 0
0.069 0.138 0
0.138 0.138 0
0 0.207 0
0.069 0.207 0
0.138 0.207 0
0 0.276 0
0.069 0.276 0
0.138 0.276 0
0 0 0
0.069 0 0
0.138 0 0
0 0.069 0
0.069 0.069 0
0.138 0.069 0
0 0.138 0
0.069 0.138 0
0.138 0.138 0
0 0.207 0
0.069 0.207 0
0.138 0.207 0
0 0.276 0
0.069 0.276 0
0.138 0.276 0
