1963 34 2.5767e-09
1963 40 2.93299e-09
1963 35 6.67782e-09
1963 37 2.23448e-09
1963 36 3.9954e-09
1963 38 8.49776e-09
1963 41 1.86584e-09
1963 39 3.33449e-09
1962 35 5.28723e-09
1964 40 5.02654e-09
1964 35 4.76377e-09
1964 42 3.58698e-09
1964 37 3.90774e-09
1964 36 5.82517e-09
1964 38 9.97319e-09
1964 41 3.41249e-09
1964 39 3.41943e-09
1964 44 5.1425e-09
1964 43 2.79683e-09
1965 40 6.25298e-09
1965 35 3.53419e-09
1965 42 4.76449e-09
1965 37 5.10662e-09
1965 36 6.70282e-09
1965 38 1.02059e-08
1965 41 4.60908e-09
1965 39 4.27851e-09
1965 44 6.01556e-09
1965 43 3.75468e-09
1965 45 6.11395e-09
1965 47 3.95081e-09
1965 46 3.65292e-09
