2 3 5.80345e-11
1 2 2.47411e-11
516 517 5.40821e-06
0 1 0
4 5 5.64004e-11
3 4 2.97759e-11
9 10 1.16103e-09
5 6 1.96901e-10
6 7 4.30059e-10
22 23 7.34081e-10
8 9 2.11571e-10
7 8 6.52104e-10
13 14 7.59627e-09
12 13 3.96912e-09
11 12 1.25795e-10
10 11 9.37269e-10
19 20 1.7339e-09
17 18 1.20576e-09
14 15 1.11195e-09
16 17 1.19048e-09
15 16 2.59936e-09
20 21 3.89494e-09
18 19 1.33579e-09
27 28 8.61565e-09
21 22 5.30205e-09
23 24 2.74776e-09
26 27 7.85326e-09
25 26 8.04652e-09
24 25 4.50055e-09
31 32 1.79942e-09
30 31 5.94457e-09
28 30 7.3937e-09
32 33 6.05305e-09
33 34 5.52568e-09
39 40 4.64942e-09
34 35 6.42473e-09
41 42 2.88289e-09
36 37 1.31425e-09
35 36 5.84856e-09
37 38 1.83716e-09
40 41 2.56953e-09
38 39 3.18409e-11
43 44 2.0298e-09
42 43 3.73108e-09
44 45 8.81633e-10
48 49 2.98231e-10
51 52 3.50804e-09
46 47 9.11078e-10
47 48 2.44923e-10
45 46 4.02384e-10
52 53 3.93369e-09
50 51 1.2833e-09
108 109 2.30708e-07
49 50 2.46801e-09
54 55 3.20541e-09
53 54 1.36487e-09
55 56 1.4908e-09
60 61 7.44986e-09
59 60 2.11998e-09
57 58 1.28027e-10
58 59 4.56345e-09
56 57 1.25171e-09
62 63 1.96083e-09
61 62 1.69892e-08
63 64 2.34755e-09
64 65 1.79136e-08
65 66 1.30559e-08
66 67 8.76957e-09
72 73 3.04455e-08
73 74 8.17138e-08
69 70 8.81597e-09
68 69 2.66862e-08
67 68 1.99424e-08
71 72 1.56967e-08
70 71 1.86052e-08
75 76 6.61465e-08
74 75 8.53893e-08
76 77 6.00771e-09
78 79 5.75605e-08
77 78 5.85305e-08
79 80 5.0447e-08
80 81 1.63668e-08
83 84 1.14859e-08
82 83 4.59959e-08
81 82 3.52417e-08
88 89 3.11091e-08
84 85 3.4516e-09
89 90 5.26792e-08
86 87 3.35693e-08
85 86 2.8529e-08
87 88 1.84798e-08
90 91 2.64808e-08
91 92 1.22733e-08
95 96 6.90298e-09
92 93 9.384e-09
94 95 2.3197e-08
93 94 3.14842e-08
98 99 4.10574e-08
100 101 2.16333e-08
99 100 1.55169e-08
104 105 1.25301e-08
97 98 3.35648e-08
96 97 1.11246e-09
102 103 7.28543e-09
269 272 1.79029e-09
101 102 8.44073e-10
103 104 6.76546e-08
106 107 1.79526e-07
105 106 9.60776e-08
107 108 5.97556e-08
110 111 1.01771e-07
109 110 3.01975e-08
117 118 2.99145e-07
113 114 1.53175e-07
112 113 6.93974e-08
111 112 3.77403e-08
120 121 1.45322e-06
116 117 1.07901e-06
114 115 1.45671e-07
115 116 7.34957e-07
119 120 6.80988e-07
121 122 6.2791e-07
118 119 2.69922e-07
126 127 4.46954e-07
125 126 9.82653e-07
127 128 6.99304e-07
124 125 6.85594e-07
122 123 7.49221e-07
123 124 5.32588e-07
130 131 2.34737e-06
129 130 4.02163e-07
128 129 1.27902e-07
133 134 8.31374e-07
135 136 1.99971e-07
132 133 1.37757e-06
131 132 5.5903e-07
134 135 8.87682e-07
141 142 1.01435e-06
136 137 1.10173e-07
137 138 3.85598e-07
140 141 1.44154e-06
139 140 1.37121e-06
138 139 1.70742e-06
142 143 8.78751e-07
143 144 6.44819e-07
146 147 1.13644e-06
145 146 1.8913e-07
144 145 1.20349e-06
149 150 2.20859e-08
147 148 2.92687e-07
148 149 9.55457e-07
150 151 1.66973e-06
156 157 3.44184e-07
153 154 8.66081e-08
152 153 1.33803e-06
151 152 9.54421e-07
154 155 2.7139e-07
160 161 8.88381e-07
159 160 1.04079e-06
157 158 4.28703e-07
155 156 6.94395e-08
158 159 2.86516e-07
161 162 6.65833e-07
166 167 5.24273e-07
162 163 2.80516e-07
163 164 8.18664e-07
168 169 7.71954e-08
167 168 6.46115e-07
164 165 2.27759e-07
165 166 1.20856e-07
169 170 3.39681e-08
170 171 1.25662e-07
171 172 1.62976e-07
174 175 1.61036e-07
175 176 1.39831e-07
173 174 1.42641e-07
172 173 1.07171e-08
179 180 7.17333e-08
177 178 6.98221e-09
176 177 6.90423e-08
184 185 6.26316e-09
181 182 7.20686e-08
180 181 6.97038e-08
178 179 7.5645e-09
182 183 2.54056e-08
185 186 8.47192e-09
183 184 7.1054e-09
189 190 2.85424e-09
190 191 7.81444e-09
188 189 2.43426e-09
186 187 1.19199e-08
187 188 1.2181e-09
192 193 1.54882e-08
191 192 1.7051e-08
195 196 2.63843e-08
196 197 4.48658e-08
197 198 2.19731e-08
194 195 2.2739e-08
193 194 1.86671e-08
199 200 8.33739e-08
200 201 1.18631e-07
201 202 4.87305e-08
198 199 2.96612e-08
202 203 2.8424e-08
203 204 6.21017e-08
210 211 2.86191e-09
207 208 7.06452e-08
206 207 5.49164e-08
205 206 3.81418e-08
204 205 2.04844e-08
209 210 3.65097e-08
208 209 7.54707e-08
212 213 2.49958e-08
211 212 6.65905e-08
213 214 1.26892e-07
214 215 7.45106e-08
215 217 2.83776e-08
217 218 1.27563e-08
222 223 2.84088e-08
219 220 5.2782e-08
218 219 7.23716e-08
220 221 4.1863e-08
221 222 3.53445e-08
225 226 1.66312e-08
223 224 1.13832e-09
231 233 4.57553e-09
227 228 4.53362e-08
226 227 4.25677e-08
224 225 2.26193e-08
230 231 2.55152e-08
229 230 3.26719e-09
228 229 4.09755e-08
233 234 2.71654e-08
234 235 2.38645e-08
243 244 6.58185e-08
244 245 8.16788e-09
240 241 6.17701e-08
237 238 3.82998e-08
245 246 1.97044e-08
235 236 3.83224e-08
236 237 9.30196e-08
241 242 2.08619e-08
238 240 3.80007e-08
242 243 8.08891e-08
250 251 1.6328e-08
251 252 1.57586e-08
246 248 2.31299e-08
252 253 1.82731e-08
256 257 1.24734e-08
249 250 8.72329e-09
248 249 6.71704e-08
255 256 2.08596e-08
254 255 1.9046e-08
253 254 2.6691e-08
266 267 3.43578e-08
272 273 1.64803e-08
264 266 3.59996e-08
262 263 7.55082e-09
257 259 2.54717e-09
259 260 5.98375e-09
260 261 3.39172e-09
261 262 1.78054e-08
263 264 2.17503e-08
267 268 2.8648e-08
268 269 1.99191e-08
275 276 5.13259e-08
274 275 3.60166e-08
278 279 2.81104e-08
273 274 1.80152e-09
281 282 8.37982e-08
283 285 4.48256e-08
276 277 4.22799e-08
279 280 2.28262e-08
277 278 1.88612e-08
280 281 2.12438e-08
282 283 1.14809e-07
287 288 5.52299e-08
285 286 6.35669e-08
283 284 9.34099e-08
294 295 4.76705e-08
299 300 2.29422e-08
288 289 5.06167e-08
286 287 1.2912e-08
289 290 5.2941e-08
290 291 4.40203e-08
292 293 5.27949e-08
293 294 3.02961e-08
291 292 5.82666e-08
296 298 4.95477e-08
295 296 1.35369e-08
301 302 9.13255e-08
298 299 3.17432e-08
302 303 8.01496e-08
300 301 2.61736e-08
305 306 1.37673e-08
307 308 7.59332e-09
309 310 2.55674e-08
304 305 4.42778e-08
306 307 3.23133e-08
303 304 3.04941e-08
308 309 3.4087e-08
310 311 2.18213e-08
311 312 8.10124e-08
312 313 8.87607e-08
315 316 1.20587e-08
313 315 7.12598e-09
316 317 5.02768e-08
476 477 3.63459e-06
317 318 3.06506e-08
328 329 2.6621e-09
321 322 5.19597e-08
318 319 5.01052e-09
325 326 8.76105e-08
319 320 6.60232e-08
322 323 2.0696e-09
320 321 9.78744e-08
324 325 8.59107e-08
332 333 6.45737e-08
323 324 3.78335e-08
329 330 7.59092e-09
326 327 3.89681e-08
327 328 1.51156e-08
331 332 6.138e-08
330 331 5.1991e-08
334 335 1.3401e-08
333 334 7.31751e-08
335 336 2.15512e-08
340 341 2.27885e-08
337 338 2.07381e-09
336 337 2.40751e-08
339 340 9.11798e-09
338 339 1.55961e-08
343 344 5.99444e-08
341 342 6.69649e-09
342 343 4.12016e-08
346 347 5.38225e-08
345 346 2.73509e-08
347 348 8.07889e-08
344 345 1.30066e-08
348 349 2.01423e-07
355 356 8.54709e-07
349 350 3.06942e-07
352 353 3.01225e-07
351 352 8.85248e-09
350 351 1.94063e-08
360 361 1.15319e-06
353 354 2.65639e-07
354 355 6.75909e-07
356 357 1.163e-06
357 358 6.95375e-07
358 359 6.72138e-07
362 363 6.3106e-07
359 360 1.17664e-07
366 367 3.15763e-07
365 366 7.61046e-07
367 368 1.0969e-07
361 362 3.55338e-07
364 365 2.24524e-07
363 364 8.36352e-07
368 369 2.18896e-07
370 371 1.98507e-06
369 370 6.87028e-09
370 372 1.35113e-06
373 374 1.53598e-06
372 373 1.78993e-06
374 375 5.89374e-07
379 380 1.68225e-06
378 379 1.97542e-06
377 378 6.71828e-07
374 376 8.70133e-07
376 377 2.41816e-06
381 382 2.03473e-07
380 381 2.03348e-06
382 383 5.9231e-07
383 384 3.7237e-06
384 385 1.90239e-06
386 387 1.5598e-06
385 386 2.69786e-07
387 388 1.25339e-06
388 389 2.21284e-06
390 391 6.32281e-07
389 390 3.43677e-07
391 392 2.17286e-06
392 393 3.17683e-06
394 395 5.46227e-07
393 394 6.32623e-07
401 402 1.43982e-06
396 397 9.06325e-07
395 396 3.49268e-07
398 399 4.55089e-07
397 398 4.92757e-07
402 403 1.17747e-06
400 401 2.92714e-06
399 400 8.84289e-07
409 410 3.7211e-06
408 409 5.14181e-06
405 406 1.31336e-06
404 405 9.22915e-07
403 404 3.47988e-07
406 407 3.45546e-06
406 408 4.67857e-07
410 411 2.13749e-06
411 412 5.89669e-07
413 414 3.63936e-06
412 413 3.04178e-06
414 415 9.23881e-07
416 417 2.97639e-06
422 423 4.79197e-06
418 419 1.24988e-06
417 418 2.04873e-06
415 416 2.34429e-06
420 421 1.94848e-06
421 422 1.05619e-06
419 420 1.85924e-06
425 426 3.50012e-06
424 425 3.2048e-06
427 428 1.63367e-06
423 424 4.19728e-06
426 427 5.99566e-07
428 429 2.21249e-06
429 430 1.82753e-06
430 431 2.34473e-08
431 432 5.79892e-06
434 435 1.7053e-06
432 433 4.03501e-06
433 434 2.18403e-06
436 437 2.82416e-06
435 436 2.28162e-07
439 440 1.3137e-06
438 439 2.14422e-06
437 438 7.56024e-07
441 442 3.00043e-06
442 443 7.65321e-06
440 441 5.2695e-07
446 447 1.17672e-06
445 446 1.22853e-06
443 444 5.77743e-06
444 445 5.98461e-06
447 448 6.51256e-06
449 450 1.23196e-06
448 449 2.47707e-06
457 458 2.89965e-06
458 459 2.23467e-06
454 455 1.0447e-06
452 453 5.55857e-06
450 451 2.74886e-06
451 452 5.245e-06
456 457 8.15496e-07
455 456 1.69979e-06
453 454 5.13218e-06
459 460 1.56635e-06
460 461 1.77904e-06
462 463 3.3997e-06
461 462 2.40949e-06
464 465 2.7121e-06
469 470 2.4265e-06
465 466 1.66653e-06
463 464 4.59003e-06
468 469 1.1302e-06
1572 1573 2.93176e-06
467 468 4.681e-06
466 467 5.06376e-07
472 473 3.15093e-06
471 472 1.06711e-06
470 471 3.21726e-06
474 475 4.32498e-06
477 478 5.14778e-07
475 476 6.20929e-07
473 474 2.87316e-06
483 484 1.13123e-06
482 483 4.24196e-06
478 479 7.69062e-08
479 480 2.00357e-06
481 482 5.2169e-07
485 486 1.5566e-06
480 481 5.40152e-06
484 485 2.57709e-08
491 492 2.34685e-06
487 488 4.39205e-06
488 489 6.37604e-06
486 487 1.20627e-06
492 493 9.2998e-07
489 490 5.85781e-07
494 495 2.14665e-07
493 494 1.80286e-06
490 491 1.31114e-06
495 496 3.24542e-06
499 500 4.21829e-06
496 497 7.36662e-08
497 498 3.69398e-06
498 499 2.07409e-06
501 502 6.04192e-06
500 501 7.02007e-06
503 504 3.34269e-06
502 503 2.96979e-06
505 506 3.50482e-06
504 505 2.95644e-06
506 507 4.17697e-06
507 508 1.87075e-06
513 514 1.77628e-06
510 511 3.36675e-06
508 509 1.77589e-06
509 510 7.68414e-06
515 516 1.10599e-05
511 512 3.27403e-06
517 518 9.17796e-07
512 513 7.0533e-07
514 515 6.54374e-06
518 519 2.59465e-06
519 520 5.63888e-06
520 521 5.34359e-06
523 524 5.07829e-06
524 525 5.24287e-06
521 522 1.36828e-06
526 527 2.36591e-07
522 523 3.76329e-06
529 530 7.48448e-07
525 526 2.21335e-06
530 531 7.82838e-07
531 532 1.77894e-06
527 528 3.03253e-06
528 529 1.44268e-06
532 533 4.91136e-06
538 539 2.73652e-06
537 538 1.63776e-07
534 535 3.61944e-07
533 534 2.89645e-06
536 537 4.1969e-07
535 536 2.06045e-07
540 541 3.08198e-06
539 540 3.94763e-06
541 542 3.95388e-06
542 543 4.27103e-06
547 548 4.10866e-07
543 544 5.43896e-06
544 545 2.05841e-06
546 547 1.77341e-06
550 551 6.60314e-07
548 549 2.11632e-07
545 546 4.59073e-06
549 550 4.30069e-07
562 563 1.87346e-06
554 555 3.71936e-06
553 554 1.34876e-06
552 553 8.7227e-06
551 552 4.21601e-06
556 557 1.39607e-06
555 556 2.83902e-06
563 564 4.79445e-07
560 561 2.12725e-06
558 559 1.06093e-07
557 558 3.15018e-06
561 562 6.1371e-06
559 560 1.56754e-06
566 567 5.36045e-06
569 570 4.11761e-06
565 566 5.62579e-06
564 565 2.63681e-06
570 571 8.80009e-06
568 569 3.09508e-06
567 568 5.88667e-06
578 579 3.48953e-06
574 575 2.74885e-06
573 574 2.44362e-06
571 572 4.13195e-06
572 573 1.72656e-06
579 580 5.10672e-06
575 576 5.07681e-06
576 577 1.53286e-06
580 581 4.24369e-06
577 578 2.14213e-07
581 582 3.01949e-06
587 588 5.45662e-06
582 583 9.46057e-07
591 592 6.34958e-06
583 584 4.21449e-06
585 586 1.80345e-06
590 591 7.39076e-06
586 587 3.28529e-06
584 585 2.04972e-06
588 589 4.82151e-07
589 590 6.61312e-06
593 594 1.42443e-05
592 593 8.10407e-06
600 601 1.94499e-06
596 597 4.72312e-06
595 596 6.63336e-06
594 595 1.31339e-05
597 598 4.12136e-06
598 599 4.48367e-06
601 602 2.41817e-06
599 600 1.20651e-05
602 603 2.76565e-06
603 604 6.35789e-06
606 607 4.03022e-07
604 605 3.06246e-06
613 614 4.62127e-06
608 610 4.70992e-06
611 612 9.79929e-06
612 613 8.11709e-06
607 608 2.06552e-06
605 606 1.82635e-06
615 617 3.84654e-06
610 611 1.95464e-06
619 620 3.26199e-06
618 621 1.51998e-06
614 615 5.8686e-06
623 624 2.29691e-06
617 618 4.46602e-06
618 619 1.32963e-06
621 622 9.78359e-07
629 630 1.68457e-06
627 628 4.73244e-06
622 623 1.17618e-06
624 625 7.98062e-06
625 626 1.30351e-05
628 629 3.64447e-06
626 627 8.24299e-06
631 632 8.82116e-06
630 631 4.68426e-06
633 634 1.71236e-06
632 633 3.0783e-06
638 639 5.02875e-06
637 638 4.97458e-06
636 637 3.23547e-06
635 636 1.24328e-05
634 635 1.48556e-05
639 640 4.28604e-06
641 642 7.46733e-06
642 643 1.42428e-06
640 641 1.78873e-06
644 645 1.44659e-06
647 648 6.61403e-06
649 650 7.44053e-06
645 646 8.6168e-06
643 644 7.05956e-06
646 647 7.0605e-06
650 651 1.49514e-05
648 649 7.99772e-06
657 658 4.55448e-06
658 659 1.11482e-06
653 654 4.824e-06
652 653 5.34998e-06
651 652 1.29012e-05
665 666 6.39239e-06
655 656 1.22748e-05
654 655 1.19346e-06
659 661 1.19086e-05
659 660 4.48385e-06
656 657 7.42294e-06
664 665 9.26131e-06
663 664 1.67443e-05
666 668 6.35202e-06
662 663 1.93812e-05
661 662 1.57407e-05
681 682 8.20096e-06
682 683 1.21277e-05
680 681 4.76436e-06
679 680 9.9319e-06
672 673 1.16489e-05
668 669 7.00468e-06
669 670 1.33025e-07
670 671 9.92658e-06
671 672 1.31492e-05
678 679 3.57836e-06
676 678 1.86194e-05
674 675 1.24818e-05
673 674 4.71278e-06
675 676 2.93013e-05
684 685 3.77321e-06
686 687 3.51992e-07
685 686 7.51461e-06
683 684 2.67919e-05
687 688 6.26968e-06
696 697 3.60849e-06
691 692 4.24354e-06
689 690 1.33124e-06
690 691 3.1176e-06
688 689 2.85911e-06
692 693 2.09759e-06
693 694 1.12395e-06
695 696 4.6751e-07
694 695 1.17029e-07
701 702 5.35213e-06
700 701 7.11147e-07
697 698 3.49008e-06
699 700 3.42362e-06
706 707 2.98031e-06
698 699 8.50861e-08
703 704 2.29898e-07
705 706 5.82539e-06
702 703 2.71191e-07
708 709 7.49693e-06
704 705 1.75496e-06
707 708 5.69582e-06
709 710 4.58788e-06
710 711 2.47456e-06
713 714 5.88179e-06
711 712 3.85011e-06
712 713 7.47088e-06
715 716 1.54078e-06
714 715 1.57229e-07
720 721 2.10016e-06
717 718 2.96151e-07
716 717 3.4412e-07
718 719 4.18333e-06
719 720 1.26373e-06
722 723 6.33487e-07
725 726 6.25251e-06
721 722 1.32221e-07
724 725 4.08429e-06
723 724 4.23169e-06
729 730 2.86056e-06
728 729 1.92327e-06
727 728 5.59292e-07
726 727 7.20519e-06
733 734 2.53362e-06
730 731 2.3685e-06
735 736 3.57768e-06
732 733 3.54315e-06
731 732 1.60046e-06
741 742 2.76345e-06
736 737 2.63808e-06
740 741 5.07084e-07
734 735 1.01531e-06
737 738 3.01896e-06
1811 1812 2.73443e-07
738 739 1.5879e-06
739 740 8.28352e-07
745 746 4.08701e-06
743 744 1.65534e-06
744 745 9.43065e-06
742 743 5.04402e-06
746 747 3.70575e-06
747 748 3.44695e-06
749 750 5.25089e-06
750 751 3.38111e-06
752 753 5.14994e-06
748 749 5.97228e-06
751 752 2.61339e-06
756 757 3.15377e-06
754 755 2.85204e-06
753 754 9.81636e-06
755 756 8.33535e-06
761 762 3.02169e-06
757 758 2.75341e-06
758 759 3.24511e-06
764 765 3.84697e-06
760 761 5.07399e-06
759 760 5.80723e-06
763 764 6.76593e-06
762 763 2.6975e-06
767 768 1.48215e-05
766 767 4.41599e-08
769 770 2.01907e-06
765 766 4.45318e-07
768 769 1.24028e-05
770 771 2.08306e-06
771 772 3.96118e-07
772 773 1.24046e-05
775 776 2.32434e-06
774 775 2.85834e-06
773 774 1.18807e-05
776 777 2.00041e-06
779 780 3.60073e-06
777 778 1.18365e-06
778 779 1.90976e-06
782 783 2.74595e-06
780 781 3.62286e-06
789 790 4.46387e-06
781 782 9.41387e-07
785 786 6.45513e-06
783 784 1.13686e-06
784 785 4.44452e-06
788 789 7.7692e-06
786 787 7.2635e-06
787 788 7.16144e-06
792 793 4.65495e-06
790 791 4.14687e-06
791 792 1.41968e-06
794 795 2.96668e-06
798 799 4.08112e-06
796 797 6.14147e-06
795 796 5.14817e-06
793 794 3.37624e-06
799 800 9.30093e-07
802 803 1.50629e-06
797 798 1.85671e-06
803 804 2.23333e-06
805 806 4.70163e-06
801 802 3.87419e-06
800 801 2.79332e-06
807 808 1.82693e-07
804 805 2.87895e-06
809 810 6.34955e-07
808 809 7.54666e-06
806 807 1.19706e-05
812 813 7.64595e-07
811 812 1.10073e-06
813 814 4.21915e-06
815 816 9.98097e-06
814 815 4.88496e-06
810 811 4.97364e-06
823 824 3.27823e-06
816 817 7.04195e-06
817 818 8.25987e-06
819 820 6.12975e-06
820 821 5.55587e-07
818 819 1.10097e-05
821 822 4.50755e-06
825 826 5.7832e-06
822 823 2.43741e-06
824 825 3.01552e-06
830 831 1.36602e-06
831 832 4.96128e-06
826 827 1.19268e-05
828 829 1.26873e-06
827 828 3.90951e-06
832 833 8.51389e-07
828 830 3.67968e-06
837 838 4.2359e-06
834 835 2.76346e-06
832 834 1.13277e-06
835 836 7.99503e-07
843 844 9.46652e-06
840 841 1.21115e-05
838 840 4.97246e-06
836 837 5.58597e-06
841 842 1.07708e-05
844 845 1.02443e-05
842 843 2.53852e-06
848 849 1.76246e-05
847 848 1.01024e-05
846 847 3.76152e-07
845 846 1.27149e-06
849 850 1.48954e-05
855 856 1.02402e-05
856 857 2.58325e-06
857 858 6.40126e-06
850 851 1.32991e-06
851 852 2.44717e-06
852 853 1.51377e-06
853 854 6.17912e-06
854 855 1.03857e-05
859 860 6.57887e-06
858 859 7.97198e-06
861 862 6.50333e-06
865 866 5.52669e-06
860 861 1.29953e-05
862 864 2.02055e-05
864 865 5.01431e-06
867 869 1.60194e-05
871 872 1.49357e-05
870 871 1.30831e-05
872 873 1.12282e-07
869 870 1.20527e-05
866 867 1.96105e-05
873 874 1.46861e-05
874 875 1.75108e-05
875 877 1.41451e-05
879 880 2.33637e-06
878 879 9.97094e-06
877 878 1.15166e-05
883 886 3.26033e-06
882 883 3.81138e-06
880 881 8.92148e-07
881 882 6.21667e-06
889 890 1.04288e-05
887 888 6.70936e-08
886 887 4.30487e-06
892 893 1.17288e-05
890 891 1.69035e-06
888 889 2.07733e-05
891 892 9.88484e-06
893 894 1.51482e-05
894 895 1.92846e-05
895 896 9.63075e-06
896 897 9.92121e-06
900 901 1.248e-06
897 898 2.2226e-06
902 903 1.16579e-05
901 902 3.89754e-06
899 900 1.34888e-05
898 899 1.54546e-05
904 905 5.07523e-06
905 906 2.23131e-06
903 904 1.58234e-05
906 907 1.29155e-05
907 909 1.68944e-05
916 917 5.54797e-06
910 911 1.67301e-05
914 916 2.72057e-06
912 913 1.0214e-05
913 914 7.68654e-07
909 910 6.18252e-06
911 912 2.17489e-05
918 919 9.64213e-06
917 918 1.44426e-05
919 920 1.67378e-06
920 921 4.83863e-06
925 926 3.88132e-06
925 927 2.23614e-05
923 924 4.84519e-06
922 923 2.99889e-06
921 922 4.84219e-07
924 925 7.97185e-06
928 929 4.36283e-06
927 928 1.25159e-05
930 931 2.1833e-06
929 930 1.00896e-07
949 950 3.24185e-06
948 949 5.11115e-06
931 932 7.79525e-07
932 933 3.38346e-06
934 935 5.73255e-06
933 934 1.05747e-07
942 943 9.06695e-06
939 940 2.10061e-06
937 938 8.66455e-06
938 939 1.09077e-05
935 936 2.29021e-06
936 937 3.22052e-06
941 942 6.29786e-06
940 941 1.07528e-06
946 947 1.19629e-06
945 946 2.53942e-06
944 945 7.25341e-07
943 944 1.41409e-06
952 953 1.02227e-05
950 951 4.46595e-06
947 948 8.08366e-07
951 952 4.25607e-06
955 956 2.38293e-06
954 955 5.09785e-06
956 957 1.88322e-06
957 958 1.05441e-05
953 954 6.1943e-06
959 960 5.59775e-06
958 959 3.21932e-06
960 961 3.92844e-06
967 968 6.46849e-06
963 964 4.05374e-06
964 965 1.00783e-06
965 966 5.85363e-06
961 962 2.1277e-06
966 967 5.53425e-06
962 963 1.07349e-05
969 970 7.14326e-06
970 971 8.26758e-06
968 969 8.0361e-06
972 973 1.81238e-06
971 972 2.8489e-06
973 974 6.78487e-06
974 975 1.07899e-06
984 985 3.25769e-06
975 976 2.84998e-06
976 977 3.69275e-06
986 987 7.84167e-08
979 980 3.13411e-06
978 979 8.39325e-06
977 978 1.03942e-06
981 982 8.18846e-07
980 981 9.71527e-07
982 983 3.32488e-06
983 984 1.99916e-07
985 986 5.51379e-07
987 988 1.42978e-06
989 990 8.86837e-06
988 989 1.15923e-05
993 994 5.08144e-06
995 996 8.99301e-06
994 995 9.5258e-06
996 997 4.74696e-06
990 991 4.05388e-06
992 993 7.55469e-06
991 992 3.84296e-06
999 1000 8.70758e-06
997 998 3.92675e-06
1001 1002 2.40275e-06
998 999 3.25865e-06
1003 1004 1.96583e-06
1004 1005 6.11763e-07
1000 1001 6.49388e-06
1008 1009 4.0218e-06
1007 1008 3.55892e-07
1002 1003 5.88002e-06
1006 1007 3.3712e-07
1005 1006 1.99294e-06
1021 1022 2.47853e-06
1022 1023 3.36229e-06
1011 1012 5.7064e-06
1012 1013 6.1352e-06
1013 1014 5.06858e-06
1010 1011 8.89238e-06
1009 1010 9.63613e-06
1014 1015 2.60224e-06
1015 1016 6.26598e-06
1016 1017 6.34094e-06
1018 1019 5.91181e-06
1017 1018 2.12931e-06
1020 1021 7.61156e-06
1019 1020 9.70823e-06
1030 1031 2.78194e-06
1026 1027 9.44706e-06
1025 1026 3.29558e-06
1023 1024 1.29394e-06
1024 1025 1.021e-05
1033 1034 1.09475e-07
1029 1030 2.894e-06
1028 1029 1.3893e-05
1027 1028 1.1744e-06
1031 1032 5.71329e-07
1038 1039 9.43826e-06
1032 1033 6.27352e-06
1035 1036 1.15006e-05
1034 1035 2.36018e-06
1041 1042 5.33695e-06
1039 1040 3.18155e-06
1036 1037 4.29114e-06
1037 1038 3.39465e-06
1042 1043 1.56867e-05
1053 1054 2.73642e-06
1045 1046 7.51309e-06
1040 1041 4.04919e-06
1046 1047 8.54628e-06
1043 1044 3.62096e-06
1044 1045 6.99351e-06
1048 1049 1.74982e-06
1047 1048 4.52066e-06
1050 1051 3.23384e-06
1052 1053 1.01785e-06
1051 1052 3.29786e-06
1049 1050 2.57956e-06
1054 1056 8.38605e-06
1057 1058 1.03692e-06
1056 1057 1.15809e-05
1058 1059 2.36562e-06
1059 1060 5.15637e-06
1060 1061 1.02141e-05
1065 1066 2.07319e-06
1066 1067 5.09744e-06
1061 1062 4.49236e-06
1062 1065 3.94394e-06
1069 1070 7.04424e-06
1067 1068 1.25762e-07
1071 1072 1.9728e-06
1070 1071 5.92343e-06
1072 1073 1.84901e-06
1068 1069 6.00726e-06
1074 1075 7.49726e-06
1076 1077 9.65014e-06
1075 1076 2.50107e-06
1077 1078 4.32653e-06
1073 1074 9.90996e-06
1082 1083 9.24234e-06
1081 1082 1.21966e-05
1079 1080 3.34378e-06
1080 1081 1.49413e-05
1078 1079 7.73327e-08
1085 1086 1.07049e-05
1086 1087 9.66683e-07
1084 1085 6.71639e-06
1090 1091 2.58656e-06
1083 1084 8.78398e-06
1088 1089 5.74299e-06
1087 1088 2.29559e-06
1093 1094 7.77257e-06
1094 1095 1.45271e-06
1091 1092 6.45804e-06
1092 1093 1.82491e-06
1089 1090 7.35654e-06
1100 1101 4.3205e-06
1099 1100 1.11868e-06
1098 1099 3.07485e-06
1097 1098 2.08583e-06
1096 1097 1.14237e-06
1095 1096 2.34103e-06
1110 1111 4.09839e-06
1101 1102 1.28537e-07
1103 1104 4.92111e-06
1102 1103 2.73381e-06
1105 1106 3.87041e-06
1104 1105 4.03563e-06
1106 1107 1.28137e-05
1107 1108 1.01754e-05
1109 1110 4.81997e-06
1108 1109 7.53342e-06
1115 1116 1.81818e-06
1111 1112 2.49894e-06
1118 1119 8.88365e-07
1113 1114 6.8383e-06
1112 1113 9.3858e-07
1114 1115 1.13091e-06
1116 1118 2.71858e-06
1121 1122 7.66339e-07
1120 1121 3.19728e-06
1119 1120 4.00897e-06
1122 1123 2.25875e-06
1132 1133 3.89623e-06
1133 1134 3.79861e-06
1124 1125 1.24716e-06
1130 1131 2.81175e-06
1126 1127 5.34137e-06
1123 1124 3.67821e-06
1128 1130 2.37687e-06
1125 1126 8.19227e-06
1131 1132 4.00596e-06
1127 1128 5.13924e-06
1134 1135 4.21248e-06
1138 1140 1.11728e-06
1144 1145 4.1375e-06
1140 1141 3.71047e-07
1135 1136 4.03235e-06
1136 1138 7.21426e-06
1151 1152 1.75028e-06
1150 1151 6.76363e-07
1147 1148 2.83642e-06
1145 1146 2.14161e-06
1146 1147 6.84673e-06
1141 1142 4.41806e-06
1143 1144 2.14192e-06
1142 1143 8.85318e-06
1155 1156 1.06593e-05
1154 1155 6.121e-06
1149 1150 2.26687e-06
1156 1157 3.87664e-06
1148 1149 6.77831e-06
1152 1153 2.51411e-06
1153 1154 3.78266e-06
1160 1161 6.66084e-08
1161 1163 8.4092e-07
1163 1164 2.23014e-06
1159 1160 1.01742e-05
1158 1159 7.41745e-06
1157 1158 8.25215e-06
1177 1178 6.41786e-06
1171 1173 1.63144e-08
1173 1174 6.11303e-06
1167 1168 9.31039e-07
1168 1169 8.09306e-06
1164 1165 3.78527e-06
1166 1167 5.85051e-06
1165 1166 6.18631e-06
1170 1171 4.53987e-06
1169 1170 1.10898e-06
1175 1176 2.78773e-06
1174 1175 5.18989e-06
1182 1183 3.92158e-06
1176 1177 4.34121e-06
1178 1180 1.16103e-06
1180 1181 3.6677e-06
1181 1182 2.06628e-06
1187 1188 5.68651e-06
1183 1184 8.91342e-06
1188 1189 4.68917e-06
1193 1194 3.48318e-06
1185 1187 8.47776e-06
1184 1185 6.61202e-07
1195 1196 8.17231e-06
1191 1192 1.0805e-06
1189 1190 8.14619e-07
1190 1191 1.52421e-06
1192 1193 1.63052e-06
1200 1201 2.47263e-06
1199 1200 1.84632e-06
1194 1195 9.10224e-06
1196 1198 1.37639e-06
1198 1199 2.47894e-06
1202 1203 5.75268e-06
1205 1206 7.92352e-06
1204 1205 1.14625e-05
1203 1204 9.30702e-06
1201 1202 1.3988e-05
1206 1207 2.85291e-06
1207 1208 1.35648e-06
1208 1209 3.93993e-06
1209 1210 2.16973e-06
1211 1212 1.06158e-05
1212 1213 1.23347e-05
1210 1211 1.0211e-05
1213 1214 6.99014e-06
1218 1219 1.46773e-06
1217 1218 6.44844e-06
1485 1486 5.06521e-06
1219 1220 9.49223e-07
1222 1223 2.6257e-06
1215 1217 1.42755e-06
1214 1215 4.60439e-06
1221 1222 9.57854e-07
1224 1225 2.33019e-06
1223 1224 1.15388e-06
1220 1221 1.34802e-06
1229 1230 1.73414e-06
1225 1226 1.98342e-06
1228 1229 1.85944e-06
1232 1233 1.00626e-05
1227 1228 2.71539e-06
1226 1227 9.75424e-07
1231 1232 2.5434e-06
1233 1234 5.38593e-06
1230 1231 3.18131e-06
1234 1235 1.60979e-05
1235 1236 2.30142e-05
1236 1237 1.2735e-05
1240 1241 1.54601e-06
1242 1243 8.95699e-06
1239 1240 5.06392e-06
1238 1239 8.44498e-06
1237 1238 9.10617e-07
1243 1244 5.17025e-06
1241 1242 6.9593e-06
1245 1246 4.49378e-06
1244 1245 3.39298e-06
1248 1249 4.14437e-06
1247 1248 7.07091e-06
1246 1247 4.49088e-06
1249 1250 5.72647e-06
1255 1256 2.92586e-07
1253 1254 6.58871e-06
1250 1251 5.59032e-06
1251 1252 4.4645e-06
1252 1253 2.51519e-07
1259 1260 3.09892e-06
1259 1261 4.94524e-06
1254 1255 2.30011e-07
1256 1257 5.22842e-06
1263 1264 4.03315e-07
1265 1266 2.5219e-06
1264 1265 2.27074e-06
1257 1259 1.34177e-06
1261 1263 4.86113e-06
1268 1269 6.6267e-06
1266 1267 1.90822e-06
1266 1268 1.29479e-06
1269 1271 4.88928e-06
1271 1272 3.31716e-06
1273 1274 3.14619e-06
1272 1273 4.99652e-06
1278 1279 1.0301e-05
1283 1284 3.94943e-06
1277 1278 7.1901e-06
1282 1283 1.24838e-06
1274 1275 4.28462e-07
1275 1276 4.07865e-06
1279 1280 9.38931e-07
1280 1281 9.66987e-06
1276 1277 2.42256e-06
1281 1282 5.23696e-06
1284 1285 7.80327e-06
1289 1290 2.70643e-06
1293 1294 2.64247e-06
1292 1293 6.63984e-06
1287 1289 2.12225e-06
1286 1287 8.05534e-07
1285 1286 5.8096e-06
1294 1295 4.74662e-06
1297 1298 7.81957e-06
1296 1297 6.81689e-07
1290 1292 8.8461e-06
1298 1299 1.10106e-05
1295 1296 1.39913e-06
1299 1300 1.58876e-06
1299 1301 6.06921e-06
1301 1302 1.41305e-07
1302 1304 5.12658e-06
1304 1305 2.93594e-06
1305 1306 5.29429e-06
1306 1307 4.62495e-06
1311 1312 6.58035e-08
1313 1314 3.41121e-06
1307 1309 4.60786e-06
1309 1310 5.84278e-06
1310 1311 1.9917e-07
1312 1313 2.08928e-06
1314 1315 6.0798e-06
1322 1324 3.20869e-06
1328 1329 3.91979e-06
1332 1333 1.15742e-05
1333 1335 5.20187e-06
1316 1319 9.63087e-07
1315 1316 2.44438e-06
1319 1320 2.78037e-06
1320 1321 2.57448e-06
1321 1322 9.69587e-06
1329 1332 7.46648e-06
1326 1328 3.38069e-06
1325 1326 5.42377e-06
1324 1325 3.72718e-06
1339 1340 3.78838e-06
1337 1339 9.06267e-06
1329 1330 1.94337e-07
1336 1337 1.86606e-06
1335 1336 6.72845e-06
1340 1341 6.0573e-06
1341 1342 2.94891e-06
1342 1343 3.11038e-06
1344 1345 5.54867e-07
1343 1344 2.85804e-06
1348 1349 1.55816e-06
1353 1354 7.04321e-06
1347 1348 8.6452e-06
1345 1346 2.44034e-07
1349 1350 1.00694e-05
1346 1347 9.79503e-06
1359 1360 1.51072e-06
1355 1356 5.01689e-06
1354 1355 1.06735e-05
1350 1352 1.09535e-05
1352 1353 3.77635e-06
1358 1359 6.72429e-06
1356 1357 4.05123e-06
1362 1363 1.4861e-06
1361 1362 2.10299e-06
1360 1361 1.15467e-06
1357 1358 8.184e-06
1371 1373 6.57332e-06
1367 1368 9.58023e-07
1365 1366 1.99241e-06
1366 1367 1.02576e-06
1364 1365 2.23802e-06
1363 1364 1.94148e-06
1368 1369 2.15716e-06
1370 1371 8.92896e-06
1369 1370 7.7346e-07
1376 1377 1.67965e-06
1374 1375 7.08052e-07
1375 1376 7.55891e-08
1373 1374 2.26197e-06
1377 1378 3.46139e-06
1378 1379 5.62462e-06
1378 1380 4.73132e-08
1380 1381 5.00704e-06
1381 1383 6.37342e-06
1386 1387 2.41012e-07
1384 1385 1.43643e-06
1389 1390 1.34525e-06
1387 1389 2.04875e-06
1385 1386 2.81162e-06
1390 1392 5.92891e-06
1383 1384 7.50664e-06
1392 1393 1.69182e-06
1393 1394 2.44888e-06
1394 1395 5.35991e-06
1397 1398 3.18896e-06
1398 1400 4.63067e-06
1395 1396 2.89121e-06
1405 1407 3.9812e-06
1396 1397 1.29042e-06
1401 1402 5.32938e-06
1402 1403 6.33808e-06
1400 1401 6.40141e-07
1403 1404 2.71025e-07
1404 1405 6.95165e-06
1407 1408 3.07537e-06
1408 1410 3.35493e-06
1411 1412 4.99378e-06
1410 1411 3.93981e-06
1417 1418 3.31248e-06
1416 1417 1.29352e-06
1413 1414 8.6971e-07
1418 1419 5.55494e-06
1419 1420 6.89385e-07
1415 1416 3.68595e-06
1412 1413 8.36343e-07
1414 1415 1.01498e-06
1425 1426 2.73503e-06
1420 1421 6.18177e-06
1421 1422 3.97311e-06
1422 1425 9.05064e-08
1426 1427 6.6534e-06
1440 1441 3.10432e-06
1442 1443 5.81827e-06
1441 1442 7.42473e-06
1435 1437 6.43376e-06
1437 1438 4.55013e-06
1433 1435 5.16274e-06
1427 1428 1.44289e-06
1428 1429 5.29041e-06
1429 1430 5.4261e-07
1430 1431 7.74288e-07
1439 1440 4.31881e-06
1431 1432 5.03188e-06
1432 1433 3.23073e-06
1438 1439 4.7791e-06
1444 1445 4.27375e-06
1443 1444 3.68238e-06
1448 1449 7.19682e-06
1447 1448 1.66188e-06
1446 1447 3.56778e-08
1445 1446 5.69924e-06
1449 1450 3.25125e-06
1452 1453 7.80801e-07
1451 1452 1.99447e-06
1450 1451 1.26499e-06
1456 1457 3.46636e-06
1455 1456 3.21691e-06
1458 1459 8.9505e-06
1459 1460 9.34011e-06
1457 1458 5.65726e-06
1453 1455 1.0204e-06
1465 1466 4.51699e-07
1466 1467 4.21571e-06
1461 1462 2.86635e-06
1460 1461 9.08601e-06
1464 1465 1.38604e-06
1468 1469 1.82013e-07
1467 1468 8.5525e-06
1462 1464 1.04579e-06
1469 1471 1.83729e-06
1474 1475 2.31535e-06
1473 1474 3.82888e-06
1476 1477 7.77765e-06
1475 1476 2.90446e-07
1471 1472 4.58945e-07
1472 1473 2.29012e-07
1479 1480 2.5068e-06
1482 1483 3.10952e-07
1477 1478 1.18614e-06
1478 1479 5.02276e-06
1480 1481 3.57716e-06
1490 1491 3.03904e-06
1489 1490 5.27864e-06
1486 1487 2.4152e-06
1481 1482 7.09169e-07
1483 1484 2.9272e-07
1488 1489 2.84149e-06
1487 1488 9.03969e-07
1484 1485 3.69674e-06
1491 1492 1.97651e-06
1494 1495 1.79617e-06
1493 1494 1.35295e-07
1499 1500 4.75871e-06
1492 1493 5.40283e-06
1498 1499 8.09315e-06
1496 1497 3.4799e-07
1497 1498 7.22558e-06
1495 1496 4.01393e-06
1507 1508 3.92507e-06
1502 1503 3.79848e-06
1505 1506 3.10886e-06
1500 1501 6.14249e-06
1501 1502 1.60014e-06
1506 1507 1.2166e-06
1504 1505 7.11992e-07
1503 1504 3.86295e-07
1509 1510 1.91929e-06
1511 1512 2.03865e-06
1513 1514 6.34868e-06
1510 1511 2.95325e-06
1512 1513 4.00833e-07
1508 1509 4.91801e-07
1514 1515 5.48798e-06
1517 1518 7.71591e-07
1518 1519 1.4164e-06
1520 1521 4.36128e-06
1519 1520 3.90288e-06
1522 1523 1.15067e-06
1521 1522 1.78199e-06
1516 1517 3.07848e-06
1515 1516 4.59384e-07
1525 1526 2.19426e-06
1526 1527 4.45607e-07
1523 1524 5.01389e-06
1524 1525 2.61335e-06
1528 1529 3.00056e-07
1527 1528 4.24723e-06
1530 1531 5.21124e-06
1529 1530 4.69437e-06
1536 1537 8.05523e-07
1535 1536 3.44089e-06
1533 1534 2.7914e-06
1531 1532 1.14989e-06
1542 1543 9.82025e-06
1534 1535 1.12017e-06
1532 1533 7.38755e-07
1540 1541 3.97578e-06
1538 1539 3.56429e-06
1537 1538 2.46526e-06
1544 1545 1.12526e-06
1546 1547 1.76707e-06
1545 1546 7.07547e-06
1541 1542 5.29769e-06
1539 1540 5.70545e-07
1543 1544 1.33155e-06
1547 1548 1.90967e-06
1548 1549 3.82535e-06
1552 1553 4.7654e-06
1553 1554 5.02966e-06
1549 1550 6.12997e-07
1555 1556 2.45378e-06
1551 1552 1.32145e-06
1550 1551 5.76182e-07
1559 1560 5.42131e-06
1558 1559 4.67456e-07
1557 1558 3.41538e-06
1554 1555 2.10077e-06
1556 1557 2.52949e-07
1561 1562 3.50472e-06
1560 1561 7.35639e-07
1564 1565 6.00871e-07
1562 1563 2.32633e-06
1568 1569 5.72528e-06
1563 1564 1.63994e-06
1574 1575 4.15152e-06
1566 1567 8.22766e-06
1567 1568 1.7423e-06
1570 1571 5.4747e-06
1569 1570 9.44698e-07
1565 1566 4.0253e-06
1571 1572 6.06267e-06
1573 1574 3.7065e-06
1575 1576 1.05284e-05
1581 1582 3.44011e-06
1577 1578 1.18249e-06
1583 1584 1.32378e-06
1580 1581 7.36703e-06
1578 1579 4.10602e-06
1579 1580 9.90371e-06
1576 1577 5.60141e-06
1582 1583 8.3432e-06
1585 1586 4.29252e-06
1589 1590 1.81907e-06
1584 1585 5.33358e-06
1586 1587 8.81826e-07
1590 1591 1.09669e-06
1588 1589 4.9384e-06
1587 1588 3.49111e-06
1591 1592 3.22457e-08
1592 1593 4.22186e-06
1593 1594 6.38743e-06
1595 1596 3.38353e-06
1596 1597 2.7124e-06
1594 1595 3.01238e-06
1597 1598 1.3385e-06
1599 1600 3.61585e-06
1598 1599 4.79655e-06
1604 1605 3.73909e-06
1602 1603 5.0858e-07
1601 1602 2.03682e-06
1600 1601 2.18128e-06
1605 1606 3.22124e-06
1603 1604 2.42902e-07
1608 1609 1.12519e-06
1606 1607 1.1469e-07
1612 1613 6.11467e-06
1610 1611 3.51238e-06
1606 1608 4.65215e-06
1609 1610 3.15318e-06
1613 1614 1.08699e-06
1611 1612 7.2633e-06
1614 1615 4.74202e-06
1616 1617 6.03995e-06
1615 1616 1.92312e-06
1620 1621 6.06643e-07
1619 1620 3.03629e-06
1618 1619 1.50838e-06
1617 1618 1.14175e-06
1621 1622 3.76157e-06
1624 1625 3.52963e-06
1625 1626 4.21324e-08
1626 1627 2.10393e-06
1623 1624 5.96372e-06
1622 1623 1.1885e-06
1634 1635 2.43843e-06
1628 1629 4.09221e-06
1627 1628 2.37561e-06
1629 1630 6.58852e-07
1630 1631 4.16399e-06
1633 1634 2.93656e-06
1631 1633 3.32303e-06
1631 1632 4.48893e-06
1637 1638 3.15727e-06
1635 1636 1.38119e-06
1636 1637 1.80024e-06
1643 1644 2.10773e-06
1641 1642 2.25023e-06
1640 1641 3.71683e-06
1639 1640 6.85383e-07
1638 1639 2.74887e-06
1642 1643 1.63645e-06
1644 1645 7.71451e-07
1648 1649 2.93623e-06
1649 1650 3.08429e-06
1647 1648 4.16176e-06
1646 1647 3.11795e-06
1645 1646 8.51701e-07
1652 1653 3.68672e-06
1657 1658 3.58417e-06
1650 1651 1.62448e-06
1651 1652 2.70744e-06
1654 1655 1.55989e-06
1653 1654 3.75339e-06
1656 1657 7.97493e-06
1655 1656 1.34421e-06
1663 1664 5.29192e-07
1662 1663 8.31183e-07
1658 1659 1.78594e-07
1659 1660 4.70136e-06
1664 1665 1.18506e-07
1661 1662 5.86689e-07
1660 1661 4.1195e-06
1666 1667 1.95833e-07
1667 1668 1.31166e-06
1665 1666 2.94708e-07
1671 1672 1.55688e-06
1670 1671 5.05508e-06
1668 1670 7.04258e-07
1673 1674 6.74841e-06
1672 1673 5.84319e-06
1681 1682 4.5927e-06
1682 1683 4.38218e-06
1679 1680 4.85538e-06
1675 1676 1.31274e-06
1674 1675 3.37483e-06
1677 1678 5.31768e-06
1687 1688 1.67748e-06
1678 1679 3.92122e-06
1676 1677 5.96485e-06
1680 1681 2.29867e-06
1683 1684 3.54068e-06
1684 1685 4.39342e-06
1685 1686 6.05635e-06
1688 1689 1.22542e-06
1686 1687 1.51358e-06
1689 1690 4.42618e-06
1693 1694 6.16891e-07
1690 1691 2.81734e-07
1691 1692 4.70819e-06
1692 1693 1.76809e-06
1694 1695 2.11682e-06
1696 1697 2.86912e-06
1701 1702 1.69601e-06
1695 1696 4.21365e-07
1697 1698 4.01109e-06
1699 1700 2.22148e-06
1700 1701 6.23967e-06
1711 1712 1.14787e-06
1698 1699 5.04209e-07
1702 1703 6.19721e-07
1703 1704 4.83521e-06
1705 1706 7.33484e-07
1704 1705 6.2292e-06
1706 1708 3.88106e-06
1708 1709 7.40461e-07
1709 1710 1.91836e-06
1710 1711 3.21301e-07
1712 1713 2.05258e-06
1713 1714 1.05207e-06
1716 1717 1.70482e-06
1717 1718 2.35573e-06
1715 1716 2.22285e-06
1713 1715 5.49811e-07
1718 1719 6.05861e-07
1722 1723 4.1585e-06
1723 1724 1.39922e-06
1720 1721 4.37114e-06
1719 1720 4.9634e-06
1725 1726 3.80115e-06
1724 1725 5.5973e-06
1721 1722 4.73854e-07
1726 1727 3.93084e-07
1727 1728 1.81313e-06
1728 1729 1.46901e-06
1730 1731 2.33582e-06
1733 1734 2.91134e-06
1729 1730 2.79074e-06
1734 1735 2.75842e-07
1736 1737 4.29948e-07
1732 1733 1.58382e-06
1731 1732 7.41441e-07
1737 1738 2.19665e-06
1735 1736 2.9068e-06
1739 1740 2.58431e-06
1737 1739 3.52666e-06
1745 1746 5.1954e-07
1740 1741 4.10486e-07
1752 1753 1.60018e-07
1751 1752 3.43551e-06
1750 1751 1.91e-06
1743 1744 1.54769e-06
1742 1743 4.12945e-07
1741 1742 4.54783e-07
1744 1745 3.39272e-08
1746 1747 1.393e-06
1747 1748 3.65983e-06
1748 1749 2.04204e-06
1749 1750 2.75974e-06
1753 1754 2.3946e-06
1756 1757 9.26119e-07
1754 1755 2.29624e-06
1760 1761 1.20975e-06
1757 1758 1.40864e-06
1755 1756 1.2487e-06
1759 1760 1.79991e-07
1758 1759 1.53783e-06
1763 1764 2.63033e-06
1762 1763 1.48429e-06
1761 1762 3.97142e-07
1769 1770 2.56176e-07
1766 1767 3.08003e-06
1764 1765 2.36163e-06
1765 1766 4.79439e-07
1772 1773 1.98177e-06
1767 1768 2.54123e-06
1768 1769 5.00825e-09
1770 1771 8.56059e-07
1775 1776 5.45435e-07
1777 1778 1.19636e-06
1771 1772 2.26403e-07
1778 1779 2.71822e-06
1776 1777 1.40731e-06
1774 1775 2.12554e-06
1773 1774 1.32229e-06
1780 1781 1.34169e-06
1785 1787 6.47287e-07
1783 1784 1.95295e-06
1781 1782 4.78196e-06
1782 1783 3.74735e-06
1779 1780 4.74543e-06
1784 1785 1.68301e-06
1794 1795 4.55342e-06
1790 1791 1.67641e-06
1795 1796 5.82389e-06
1796 1797 2.07539e-07
1793 1794 6.7996e-07
1787 1790 1.62649e-06
1797 1798 2.75261e-06
1791 1793 1.9368e-07
1798 1800 2.62684e-06
1802 1804 1.21725e-06
1804 1805 4.55914e-06
1801 1802 2.9129e-06
1800 1801 3.10299e-06
1805 1806 1.47968e-06
1813 1814 9.81395e-07
1808 1809 7.60965e-08
1805 1808 2.74336e-06
1809 1811 1.99353e-08
1815 1817 3.31218e-06
1812 1813 5.99689e-07
1814 1815 1.92792e-06
1821 1822 3.00269e-06
1819 1820 5.44823e-06
1817 1819 2.37026e-06
1825 1826 2.51714e-06
1824 1825 2.25163e-06
1822 1823 9.67998e-07
1820 1821 5.16768e-08
1828 1829 5.28067e-06
1827 1828 2.46333e-06
1826 1827 8.22211e-07
1823 1824 1.69015e-06
1829 1830 4.06302e-06
1834 1836 2.3872e-06
1836 1837 1.54251e-06
1830 1831 2.8101e-06
1831 1832 3.20992e-07
1837 1838 3.65442e-06
1832 1834 4.77625e-07
1840 1841 3.04741e-06
1838 1840 1.33108e-06
1843 1844 3.09203e-06
1845 1846 9.46389e-07
1846 1847 2.47587e-07
1840 1842 2.4893e-06
1852 1853 5.43019e-08
1844 1845 1.96421e-06
1842 1843 6.99683e-08
1847 1849 1.56799e-07
1858 1859 1.4298e-06
1850 1852 1.14102e-06
1849 1850 7.05867e-07
1856 1857 3.08802e-06
1855 1856 4.68891e-06
1853 1854 6.49429e-07
1854 1855 1.90657e-06
1857 1858 1.3309e-06
1859 1860 2.22828e-06
1863 1864 2.73835e-06
1860 1861 1.1414e-06
1861 1863 8.51874e-07
1864 1865 2.28506e-06
1868 1869 2.64399e-06
1867 1868 2.28106e-06
1872 1873 4.02451e-06
1865 1866 2.60371e-07
1866 1867 2.56754e-06
1869 1870 2.13558e-06
1871 1872 1.97909e-06
1870 1871 7.65101e-07
1873 1875 2.85116e-06
1885 1886 3.33388e-07
1875 1876 5.51592e-07
1876 1877 2.16708e-06
1878 1879 1.77867e-07
1877 1878 3.45327e-07
1881 1882 4.1613e-06
1882 1883 1.86742e-06
1880 1881 4.2712e-06
1879 1880 3.07203e-06
1883 1884 1.96494e-07
1886 1888 1.94092e-08
1890 1891 1.33598e-06
1884 1885 4.78323e-07
1888 1889 1.5571e-06
1891 1892 1.21438e-06
1895 1896 2.517e-07
1889 1890 8.58763e-07
1892 1893 3.27441e-07
1894 1895 6.12816e-07
1893 1894 8.7194e-07
1896 1897 1.73359e-06
1897 1898 1.61365e-06
1898 1899 1.3277e-06
1899 1900 1.6786e-07
1903 1904 1.06541e-06
1901 1902 1.46714e-07
1900 1901 2.54772e-08
1904 1905 9.80699e-07
1902 1903 1.68614e-07
1905 1906 3.81207e-07
1906 1907 6.23694e-07
1910 1911 1.76451e-08
1908 1909 6.32305e-08
1907 1908 5.84716e-07
1909 1910 2.69227e-07
1912 1913 2.32049e-07
1911 1912 9.56987e-08
1914 1915 5.7848e-08
1913 1914 3.86106e-07
1915 1916 2.21687e-07
1919 1920 2.07289e-07
1917 1918 3.82509e-07
1916 1917 4.46582e-08
1920 1921 5.91544e-07
1927 1928 2.75729e-06
1921 1922 8.24221e-07
1918 1919 2.93233e-07
1923 1924 1.12492e-06
1924 1925 5.02648e-07
1922 1923 3.78619e-07
1925 1926 1.19415e-07
1926 1927 1.03769e-06
1929 1930 1.04125e-06
1931 1932 2.84105e-07
1928 1929 8.13535e-07
1930 1931 5.64385e-07
1933 1934 1.14769e-06
1935 1936 4.43601e-07
1932 1933 4.05481e-07
1934 1935 1.37084e-06
1937 1938 1.25045e-06
1936 1937 9.71539e-07
1940 1941 2.3007e-07
1938 1939 5.41416e-08
1945 1946 8.04457e-08
1944 1945 5.87212e-07
1941 1942 1.69167e-07
1939 1940 9.94657e-07
1943 1944 5.10111e-07
1942 1943 3.32396e-07
1946 1947 1.24747e-07
1947 1948 1.27513e-07
1949 1950 3.16033e-07
1948 1949 14.9504
1950 1951 1.03698e-06
1952 1953 5.96587e-07
1951 1952 1.08123e-06
1956 1957 1.2556e-06
1954 1955 8.32568e-07
1953 1954 1.07283e-06
1957 1958 1.40099e-06
1958 1959 1.04464e-06
1955 1956 6.68201e-07
1962 1963 9.47297e-07
1961 1962 7.69924e-07
1960 1961 8.12967e-07
1959 1960 1.60091e-06
1963 1964 1.48205e-06
1964 1965 8.55629e-07
