-0.536505 0.843877 0.005768 2.359895 -0.816606 -0.008476 -0.577134 2.344108
-0.667329 -0.477494 -0.571552 3.580451 0.470687 0.568955 -0.674347 3.720074
-0.483591 -0.316290 0.816150 3.138625 0.334079 -0.822325 -0.460622 2.781296
-0.556729 0.830032 -0.033146 2.452191 -0.816393 -0.007856 -0.577443 2.344191
-0.679395 -0.444849 -0.583551 3.748868 0.471086 0.569307 -0.673771 3.853037
-0.467519 -0.338298 0.816689 3.082271 0.334035 -0.822087 -0.461078 2.781480
-0.545127 0.837905 0.027413 2.614644 -0.817308 -0.008670 -0.576135 2.540247
-0.687331 -0.459956 -0.562153 3.804524 0.469818 0.568845 -0.675046 3.851072
-0.468830 -0.313060 0.825949 3.208713 0.333584 -0.822399 -0.460848 2.901542
-0.530325 0.845594 0.061048 2.973445 -0.818924 -0.008083 -0.573844 2.955882
-0.680412 -0.444532 -0.582607 3.959915 0.467963 0.569426 -0.675844 4.048394
-0.485770 -0.305546 0.818944 3.377321 0.332225 -0.822003 -0.462534 2.993507
-0.543423 0.839276 -0.017518 3.315226 -0.819864 -0.007776 -0.572505 3.232152
-0.692049 -0.449326 -0.564955 4.022249 0.466849 0.569801 -0.676298 4.047473
-0.474379 -0.329509 0.816326 3.323905 0.331473 -0.821746 -0.463529 2.996087
-0.548623 0.835996 0.011138 3.517136 -0.820204 -0.007895 -0.572016 3.395707
-0.686981 -0.446836 -0.573057 3.992020 0.466421 0.569726 -0.676656 4.046888
-0.481119 -0.323554 0.814762 3.354172 0.331235 -0.821797 -0.463610 2.994600
